kubik@shawshank:/tmp/mipaa/batoh_dyn> g++ -Wall -pedantic batoh_dyn_new_repeat.cpp -O3; ./a.out ../in/knap_15.inst.dat 50
9100 15 2358  1 1 1 1 1 1 1 1 1 0 1 1 0 1 1 --- 0.931681871414
9101 15 1726  1 1 1 1 1 1 1 1 1 0 0 1 1 1 0 --- 0.840263843536
9102 15 2064  1 1 1 1 1 1 0 1 1 1 1 1 1 1 0 --- 0.887817144394
9103 15 1485  0 1 0 1 1 1 1 1 1 1 1 1 1 1 1 --- 0.836760044098
9104 15 1479  1 0 1 1 0 1 1 1 1 0 1 1 1 1 1 --- 0.837937116623
9105 15 1852  1 1 1 1 1 1 1 1 1 1 1 1 1 1 1 --- 1.015911102295
9106 15 1987  1 1 1 1 1 1 1 1 1 1 1 1 1 1 1 --- 0.932951927185
9107 15 1636  1 1 1 1 1 1 1 1 0 1 1 1 1 1 1 --- 0.822845935822
9108 15 1664  1 1 1 1 1 1 1 1 1 1 1 0 1 1 0 --- 0.812283039093
9109 15 1806  1 1 1 1 1 1 1 1 0 1 0 1 1 1 1 --- 0.856271982193
9110 15 2084  1 0 1 1 1 1 1 1 1 1 1 1 1 0 1 --- 0.880583047867
9111 15 1454  1 1 1 1 1 1 1 1 1 1 1 1 1 1 0 --- 0.888937950134
9112 15 1627  1 1 1 1 1 1 1 1 1 1 1 0 1 1 0 --- 0.898406028748
9113 15 2087  0 0 1 1 1 1 1 1 0 1 0 1 1 1 1 --- 0.926522970200
9114 15 1778  1 1 1 1 1 1 1 1 1 1 0 1 1 1 1 --- 0.899706125259
9115 15 1874  1 1 1 1 1 0 1 1 1 1 1 1 1 0 1 --- 0.889673948288
9116 15 1634  1 1 1 1 1 0 1 1 1 1 1 1 0 1 1 --- 1.021171092987
9117 15 1817  1 1 1 1 0 1 1 1 0 1 0 1 1 1 1 --- 0.896996974945
9118 15 1921  1 0 1 1 1 1 1 1 1 0 1 1 1 1 1 --- 0.866006135941
9119 15 1769  1 1 1 1 1 1 1 1 1 1 1 1 1 1 1 --- 0.839400053024
9120 15 1787  1 1 1 1 1 1 1 0 1 1 1 0 0 1 0 --- 0.895797967911
9121 15 2021  1 1 1 1 1 1 1 1 1 1 1 1 0 1 1 --- 0.924068927765
9122 15 1778  1 1 1 1 1 1 1 1 1 1 1 1 1 1 1 --- 1.016265869141
9123 15 1990  1 1 1 1 1 1 1 1 1 1 1 1 1 1 1 --- 0.919640064240
9124 15 1470  1 1 1 1 1 1 1 1 1 1 1 0 1 1 1 --- 0.884808063507
9125 15 2122  1 1 1 1 1 1 1 1 1 1 1 1 1 1 1 --- 0.847723960876
9126 15 199  0 0 0 0 0 0 0 0 0 0 0 0 0 0 1 --- 0.826601028442
9127 15 1201  1 1 1 1 1 1 1 0 1 1 0 1 0 1 1 --- 0.827744007111
9128 15 1915  1 1 1 1 1 1 1 1 1 1 1 1 1 1 1 --- 0.851202011108
9129 15 1833  1 1 1 1 1 1 1 1 1 1 1 1 1 1 1 --- 0.918870925903
9130 15 1274  1 0 1 1 1 1 1 1 0 1 0 1 1 1 1 --- 0.835338115692
9131 15 1984  1 1 1 1 1 1 1 1 1 1 1 1 0 1 1 --- 0.850467920303
9132 15 2238  1 1 1 1 1 1 1 1 1 0 1 1 1 1 0 --- 0.864701032639
9133 15 1948  1 1 1 1 1 1 1 1 1 1 0 1 1 1 1 --- 0.855742931366
9134 15 1609  1 0 1 1 1 1 1 1 0 1 1 1 1 1 1 --- 0.858301162720
9135 15 1763  1 1 1 1 1 1 1 1 1 0 1 1 1 1 1 --- 0.850713968277
9136 15 2017  1 1 1 1 1 1 0 1 1 1 1 1 1 1 1 --- 0.836458206177
9137 15 1846  1 1 1 1 1 1 1 1 1 1 1 1 1 0 1 --- 0.850939989090
9138 15 2011  1 1 1 1 1 1 1 1 1 1 0 1 1 1 1 --- 0.867994785309
9139 15 1821  1 1 0 1 1 1 1 1 1 1 1 0 0 1 1 --- 0.849480867386
9140 15 2167  1 1 1 1 0 1 1 1 1 1 1 1 1 0 1 --- 0.888587951660
9141 15 1860  1 1 1 0 1 1 1 1 1 1 1 1 1 1 1 --- 0.819901943207
9142 15 1439  0 1 1 1 1 1 1 0 1 1 1 1 1 1 1 --- 0.909634828568
9143 15 1641  1 1 1 1 1 1 0 0 1 1 1 1 1 0 1 --- 0.816966056824
9144 15 1776  1 1 1 1 1 1 1 1 1 1 1 0 1 1 1 --- 0.874541997910
9145 15 1995  1 1 1 1 1 1 1 1 1 1 1 1 1 1 0 --- 0.845211029053
9146 15 2008  1 1 1 1 1 1 0 1 1 1 1 1 1 1 1 --- 0.837622165680
9147 15 1381  1 1 1 1 1 1 1 0 1 1 1 1 1 0 1 --- 0.870466947556
9148 15 1771  1 1 1 1 1 1 0 1 1 1 1 1 1 1 1 --- 0.828589916229
9149 15 1873  1 1 1 1 1 1 1 1 1 1 1 1 1 1 1 --- 0.839568853378
