kubik@shawshank:/tmp/mipaa/batoh_dyn> g++ -Wall -pedantic batoh_dyn_new_repeat.cpp -O3; ./a.out ../in/knap_30.inst.dat 50
9350 30 2875  1 0 1 1 1 1 1 0 0 1 0 1 1 0 1 1 1 1 1 0 1 1 1 1 0 1 1 1 1 1 --- 3.067916154861
9351 30 3327  0 1 1 1 1 1 1 1 0 1 1 0 1 1 0 1 1 0 1 1 1 1 0 1 0 1 0 1 1 0 --- 3.107079982758
9352 30 3463  1 1 1 1 1 1 1 1 1 1 1 1 1 0 1 0 1 1 0 1 1 0 1 0 1 1 1 1 0 0 --- 3.056444168091
9353 30 3987  0 0 1 0 1 1 1 1 1 0 1 1 1 0 1 1 1 1 1 1 1 1 1 0 0 0 1 1 1 1 --- 3.120326042175
9354 30 3771  1 1 1 0 1 1 1 1 1 1 1 1 1 1 0 1 1 1 1 1 1 1 0 1 0 0 1 1 1 0 --- 3.200730085373
9355 30 3968  1 1 1 1 1 1 1 1 0 0 1 0 1 0 0 1 1 0 1 1 1 1 1 1 0 1 1 1 0 1 --- 3.270719051361
9356 30 3757  0 1 1 1 1 1 0 1 1 1 1 1 1 1 1 1 1 1 1 1 0 0 1 1 1 1 1 1 0 0 --- 3.255851984024
9357 30 3659  1 1 0 1 1 1 1 1 1 1 1 1 1 1 1 0 1 1 1 0 1 1 0 0 1 1 0 1 1 0 --- 3.251486063004
9358 30 3773  1 1 1 0 0 1 1 1 1 1 1 1 1 1 1 1 1 1 1 1 1 1 0 0 1 0 0 1 1 1 --- 3.134318828583
9359 30 3786  1 0 0 1 1 1 0 1 1 1 1 1 0 0 1 1 1 0 1 1 0 1 1 1 0 1 1 1 1 1 --- 3.005856037140
9360 30 3206  1 1 1 0 1 1 1 1 1 1 1 1 1 1 1 0 0 0 1 1 1 1 0 1 1 1 0 1 1 0 --- 3.021569967270
9361 30 4039  1 1 1 1 1 0 1 1 1 1 1 1 1 1 0 1 1 1 1 1 1 1 1 1 1 1 0 0 1 0 --- 3.013395071030
9362 30 3059  1 1 1 1 1 1 1 0 1 1 1 1 1 1 1 1 1 1 1 0 0 0 1 1 0 1 1 0 1 0 --- 3.017975091934
9363 30 3255  1 1 1 1 0 1 1 1 1 1 1 1 1 0 1 1 0 1 0 1 1 1 1 1 1 1 1 0 1 0 --- 3.009694099426
9364 30 2965  1 1 1 1 0 1 1 1 1 0 1 0 1 1 0 1 1 0 0 1 0 1 0 1 1 1 1 1 1 1 --- 2.917857885361
9365 30 3447  1 1 1 1 1 1 1 1 1 1 1 1 1 1 0 1 1 1 1 1 0 1 0 0 1 1 0 1 1 0 --- 3.033153057098
9366 30 3456  1 1 0 1 1 1 1 1 1 1 0 0 1 1 1 1 1 1 1 1 0 1 1 1 0 0 1 1 0 1 --- 2.981697082520
9367 30 3478  1 1 1 0 1 0 1 1 1 1 1 1 1 1 1 1 1 0 1 0 1 0 1 1 1 1 1 1 0 1 --- 3.001280069351
9368 30 3272  1 1 1 1 0 1 1 1 0 1 1 1 0 1 0 1 1 0 1 1 1 1 1 1 1 1 1 1 1 0 --- 3.018378973007
9369 30 4382  1 1 1 1 1 1 1 1 0 1 1 1 0 1 1 1 0 1 1 1 0 1 1 0 0 1 1 1 1 0 --- 3.089318990707
9370 30 4013  1 0 1 1 1 1 1 1 0 1 1 1 1 1 0 0 1 1 1 1 1 1 1 1 0 0 1 1 1 1 --- 3.087220907211
9371 30 3738  1 1 0 1 1 1 1 1 1 1 1 1 1 0 1 1 0 1 0 1 0 1 1 0 1 1 1 0 1 1 --- 3.040776014328
9372 30 3860  1 1 1 1 1 1 1 1 1 1 0 0 1 1 1 1 0 1 1 0 0 1 1 1 1 1 1 1 1 1 --- 2.952364206314
9373 30 3399  1 1 0 1 1 1 0 1 1 1 0 1 1 1 1 1 1 1 1 0 0 1 1 0 0 1 0 1 0 1 --- 3.044892072678
9374 30 3302  1 1 1 1 1 1 1 0 1 1 1 1 1 1 1 0 0 1 1 1 1 1 1 1 1 0 0 0 1 1 --- 3.027495861053
9375 30 3394  1 1 1 1 0 0 1 0 0 1 1 1 1 0 1 1 1 1 1 0 0 1 1 1 1 0 0 1 1 1 --- 3.079136848450
9376 30 3745  1 1 1 1 1 0 1 1 1 0 1 1 1 1 0 1 1 1 1 1 1 1 1 0 0 1 0 1 1 1 --- 3.171658039093
9377 30 3624  1 1 1 1 1 1 1 1 1 1 1 0 1 1 1 1 1 0 1 0 1 1 0 1 1 1 1 1 0 0 --- 3.039370059967
9378 30 3605  1 0 0 1 1 0 1 1 1 1 1 1 1 1 1 1 1 1 1 1 1 0 0 0 1 1 1 1 1 1 --- 3.011912822723
9379 30 3399  1 1 0 1 0 1 1 1 1 1 1 1 1 0 1 0 1 0 1 1 1 0 1 0 1 1 1 1 0 1 --- 3.087418079376
9380 30 399  0 0 0 0 0 0 0 0 0 0 0 0 0 0 0 0 0 0 0 0 0 0 0 0 0 0 0 0 0 1 --- 2.839077949524
9381 30 3711  1 1 0 1 1 1 1 1 1 1 0 1 1 1 1 1 1 1 1 0 1 1 0 1 1 1 1 0 0 0 --- 2.969206094742
9382 30 3875  1 1 1 0 1 1 1 1 1 1 1 1 1 1 1 1 0 1 0 0 1 0 1 0 0 1 1 0 1 1 --- 3.018347978592
9383 30 3598  1 1 1 1 1 1 1 1 1 1 1 1 1 1 1 1 1 0 1 0 1 1 1 1 1 0 1 0 1 0 --- 3.363282918930
9384 30 4175  1 1 1 1 0 1 1 1 1 1 1 1 1 1 0 1 1 1 0 1 0 1 1 1 1 0 1 1 1 1 --- 3.066812038422
9385 30 3944  1 0 1 1 1 1 0 1 1 0 1 1 1 1 1 1 1 0 1 1 1 1 1 1 1 0 0 1 0 1 --- 3.095055818558
9386 30 3674  1 0 1 1 1 1 1 1 1 1 1 1 1 1 1 0 1 1 0 1 1 1 1 1 0 1 1 0 1 1 --- 2.983613014221
9387 30 3896  1 0 1 1 1 1 1 1 1 1 1 1 1 1 1 0 1 0 1 1 1 0 1 0 0 1 1 1 1 0 --- 2.996463060379
9388 30 3608  1 1 1 1 1 1 1 1 1 0 1 1 1 0 1 1 1 0 1 0 1 1 1 1 1 1 1 0 1 0 --- 2.950300931931
9389 30 3139  1 0 1 1 1 1 1 1 0 1 1 1 1 1 1 1 1 1 0 1 1 0 1 0 0 1 1 0 0 1 --- 3.058853864670
9390 30 3501  1 1 1 1 1 0 1 1 1 1 1 0 1 1 1 0 0 0 0 1 1 1 0 1 1 1 1 1 1 0 --- 2.943970203400
9391 30 3310  1 1 1 0 1 1 1 1 0 1 1 1 1 1 1 1 0 1 1 1 1 0 1 1 0 1 1 1 0 0 --- 3.075397968292
9392 30 3314  1 1 1 1 0 1 0 1 1 1 1 1 1 1 1 1 1 1 1 0 1 0 0 1 1 1 1 0 1 1 --- 3.007906913757
9393 30 3232  1 0 1 1 1 1 0 1 1 0 1 1 1 1 0 1 1 1 1 1 1 0 0 1 1 0 1 1 1 1 --- 2.960648059845
9394 30 3716  1 0 1 1 1 1 1 1 1 1 0 1 1 1 1 1 1 0 0 1 1 1 1 1 1 1 1 1 1 1 --- 3.031501054764
9395 30 3413  1 1 1 1 1 1 1 0 0 1 1 1 1 0 1 0 0 1 1 0 0 1 1 1 0 1 1 1 1 1 --- 3.028347969055
9396 30 4005  1 0 1 1 0 1 0 1 1 1 1 1 1 1 0 1 0 1 1 1 0 1 1 1 1 1 1 0 1 1 --- 2.990550041199
9397 30 3392  1 1 1 1 1 1 1 1 1 1 1 1 0 1 1 1 0 0 0 1 0 0 1 0 0 1 1 1 1 1 --- 2.985714912415
9398 30 3477  1 1 1 1 1 1 1 1 1 1 1 1 1 1 0 1 1 1 0 0 0 1 1 1 0 0 1 1 0 0 --- 3.034063816071
9399 30 3730  1 0 1 1 1 1 1 0 1 1 0 0 0 1 1 1 1 1 1 1 1 1 1 0 0 1 1 0 1 1 --- 3.036190032959