kubik@shawshank:/tmp/mipaa/batoh_dyn> g++ -Wall -pedantic batoh_dyn_new_repeat.cpp -O3; ./a.out ../in/knap_25.inst.dat 50
9250 25 2427  1 1 1 1 1 1 1 1 0 1 0 1 1 1 0 1 0 1 0 1 1 1 0 1 0 --- 2.043893098831
9251 25 2846  1 0 1 1 1 1 1 0 1 1 1 0 0 1 1 0 0 1 1 1 1 1 1 1 1 --- 2.065182924271
9252 25 2538  1 1 0 1 1 1 1 0 1 0 1 1 1 1 0 1 1 1 1 1 0 1 1 0 1 --- 2.039294004440
9253 25 3370  1 1 1 1 1 1 1 1 1 1 1 0 1 1 1 1 1 1 0 0 1 1 1 1 0 --- 2.024499893188
9254 25 2884  1 1 1 1 1 1 1 0 0 1 1 1 1 1 1 0 0 1 1 1 0 1 0 1 1 --- 2.013928890228
9255 25 2595  1 1 1 1 1 1 1 1 1 1 1 0 1 1 1 1 0 0 0 1 0 1 1 1 1 --- 2.026191949844
9256 25 3048  1 1 1 0 1 1 1 1 1 1 1 1 1 0 0 1 1 0 1 1 1 0 1 0 1 --- 2.147757053375
9257 25 2717  0 1 0 1 1 1 1 1 1 1 1 1 0 1 1 1 1 0 1 1 1 0 0 0 1 --- 1.987267017365
9258 25 3290  1 1 1 1 1 1 1 1 0 1 0 1 1 1 1 1 1 0 0 1 1 1 0 1 1 --- 2.120599031448
9259 25 2581  1 0 0 1 0 1 1 1 0 1 1 1 1 1 1 1 0 1 1 1 1 1 1 1 1 --- 2.234215021133
9260 25 2766  1 1 0 1 1 1 1 0 1 0 1 1 1 0 1 0 1 1 1 1 0 1 1 0 1 --- 2.119448900223
9261 25 2897  1 1 1 1 1 1 1 1 0 0 0 0 1 1 1 1 1 0 0 1 1 1 1 0 1 --- 2.128050804138
9262 25 2597  0 1 0 1 1 1 1 0 0 1 1 1 1 0 1 0 1 1 1 0 1 1 1 1 1 --- 2.038511991501
9263 25 2564  1 0 1 1 1 1 1 1 1 1 1 1 1 1 0 0 1 1 1 0 0 0 1 0 1 --- 2.238197803497
9264 25 3075  1 1 1 1 1 1 1 1 1 0 1 1 1 1 1 0 0 1 0 1 1 1 0 0 1 --- 2.060750007629
9265 25 2666  0 1 1 0 1 1 1 1 1 1 0 1 0 1 1 1 0 1 1 1 1 1 0 0 1 --- 1.997763872147
9266 25 3029  0 1 1 1 1 1 0 1 1 1 0 1 1 1 1 1 0 1 0 1 1 1 1 1 1 --- 2.025480031967
9267 25 3341  1 1 0 1 1 1 1 1 1 0 1 0 1 0 1 1 0 1 1 1 1 0 0 1 1 --- 2.125522136688
9268 25 3062  1 1 0 1 1 0 1 1 1 0 1 1 1 0 1 1 0 1 1 1 1 0 0 1 1 --- 2.006087064743
9269 25 3060  1 1 1 0 1 1 1 1 0 1 0 1 0 1 1 1 0 0 1 1 1 1 1 1 0 --- 2.048931121826
9270 25 3307  1 1 0 1 1 1 1 1 0 1 1 1 1 0 1 1 0 1 1 1 0 0 0 1 1 --- 1.984344005585
9271 25 2758  1 1 1 1 1 0 1 0 0 1 1 1 1 1 1 0 0 1 1 1 1 0 1 1 1 --- 2.159344911575
9272 25 2710  1 1 1 1 1 1 0 1 0 0 1 1 1 1 0 1 1 1 1 1 1 1 0 1 0 --- 2.127275943756
9273 25 2934  0 1 1 1 0 1 1 1 1 1 1 1 0 1 1 0 0 0 1 0 1 1 1 1 1 --- 2.139717102051
9274 25 3239  1 1 1 1 1 1 1 1 1 1 0 1 1 1 1 1 1 0 1 0 1 0 0 1 1 --- 2.041080951691
9275 25 3283  1 0 1 1 1 1 1 1 1 1 0 1 1 1 1 1 0 1 1 1 1 1 1 0 1 --- 2.028949022293
9276 25 2937  1 1 1 1 1 1 1 1 0 1 1 1 1 0 0 1 1 1 0 1 1 0 0 0 1 --- 2.045886039734
9277 25 3582  1 0 1 1 1 1 0 0 1 0 1 0 1 1 1 1 1 1 1 1 0 1 1 1 1 --- 2.002788066864
9278 25 3442  1 0 1 1 1 1 1 0 1 1 0 1 1 1 1 1 1 1 1 1 0 0 0 0 1 --- 1.969763994217
9279 25 2733  1 1 1 0 1 1 1 0 1 1 0 0 0 1 1 0 1 1 1 1 1 1 1 0 1 --- 2.048082113266
9280 25 2655  1 1 1 1 1 0 1 1 1 1 0 1 0 1 0 1 0 1 1 0 0 1 1 0 1 --- 2.038594961166
9281 25 3058  1 1 1 1 1 1 1 1 0 1 0 1 1 1 1 1 0 1 1 1 0 1 1 1 1 --- 2.005398988724
9282 25 2694  1 1 1 1 1 1 1 0 1 1 0 1 1 1 1 1 1 0 1 0 1 0 1 1 1 --- 2.090312004089
9283 25 299  0 0 0 0 0 0 0 0 0 0 0 0 0 0 0 0 0 0 0 0 0 0 0 0 1 --- 1.893213033676
9284 25 2953  1 1 0 1 1 1 1 1 1 1 0 1 1 0 1 0 1 1 1 0 0 1 0 1 1 --- 2.069128990173
9285 25 3071  1 1 0 0 1 1 1 1 0 1 1 0 0 1 1 1 0 1 1 1 1 1 1 1 1 --- 2.003264904022
9286 25 3024  1 1 1 1 1 0 0 1 0 1 1 1 1 1 0 1 1 1 0 1 1 0 1 1 1 --- 1.999293088913
9287 25 3088  1 1 0 0 1 1 1 1 0 0 1 1 1 1 1 1 1 1 1 1 1 0 1 1 1 --- 1.953874826431
9288 25 2971  1 1 1 1 0 1 1 0 1 1 1 1 1 1 1 1 1 1 1 1 0 0 0 1 1 --- 1.977827072144
9289 25 2543  1 0 1 0 1 1 1 1 0 1 0 1 0 1 1 1 1 1 0 1 0 0 1 1 1 --- 2.020009994507
9290 25 2791  1 1 1 1 0 1 1 1 1 1 1 1 1 1 1 1 0 1 0 0 1 1 0 1 0 --- 2.013218879700
9291 25 3039  1 1 1 1 1 1 0 1 1 1 1 0 1 0 0 1 1 1 1 1 1 1 1 1 1 --- 1.963031053543
9292 25 2956  1 1 1 1 1 0 1 1 1 1 1 1 1 1 1 1 0 1 1 1 0 1 1 0 0 --- 2.082975149155
9293 25 3210  1 1 1 1 1 0 0 0 1 1 0 1 1 1 0 1 1 1 1 1 1 1 1 1 1 --- 1.984213113785
9294 25 2746  1 1 1 1 1 1 1 1 1 1 1 0 1 0 1 1 1 0 1 1 0 1 0 0 1 --- 2.009870052338
9295 25 3170  1 1 1 1 1 1 1 1 1 0 1 1 0 1 1 1 1 0 1 1 1 0 1 0 1 --- 2.071269989014
9296 25 3297  1 0 1 1 0 1 1 1 1 1 1 1 1 0 0 0 1 1 1 1 1 1 1 1 1 --- 2.062736034393
9297 25 3135  1 1 1 1 1 1 1 0 1 1 1 1 1 1 1 1 1 1 0 1 0 0 0 1 1 --- 2.021240949631
9298 25 3011  1 0 1 1 1 1 1 1 1 0 0 1 1 1 1 1 1 1 1 0 1 1 1 1 0 --- 2.020684003830
9299 25 2901  1 1 1 0 1 1 1 1 1 1 1 1 1 1 0 1 0 1 1 1 1 0 0 0 1 --- 1.993255138397