kubik@shawshank:/tmp/mipaa/batoh_dyn> g++ -Wall -pedantic batoh_dyn_new_repeat.cpp -O3; ./a.out ../in/knap_4.inst.dat 50
9000 4 473  1 1 0 1 --- 0.158160924911
9001 4 326  0 0 1 1 --- 0.154225826263
9002 4 196  1 0 0 0 --- 0.161893129349
9003 4 545  1 1 0 1 --- 0.169307947159
9004 4 243  0 0 0 1 --- 0.149857997894
9005 4 563  1 1 1 1 --- 0.179558038712
9006 4 410  0 1 1 1 --- 0.170972108841
9007 4 375  1 1 0 1 --- 0.176740884781
9008 4 235  1 0 0 0 --- 0.159251928329
9009 4 224  1 0 0 1 --- 0.158981084824
9010 4 297  0 1 0 1 --- 0.204910039902
9011 4 459  1 0 0 1 --- 0.208391904831
9012 4 325  1 1 1 0 --- 0.165740013123
9013 4 431  1 1 0 1 --- 0.170066833496
9014 4 472  0 1 1 1 --- 0.164273977280
9015 4 230  0 1 1 0 --- 0.161975145340
9016 4 452  1 1 0 1 --- 0.165225028992
9017 4 306  1 1 0 0 --- 0.162775993347
9018 4 483  0 1 1 1 --- 0.159212827682
9019 4 227  0 1 0 0 --- 0.158841133118
9020 4 229  1 0 0 0 --- 0.153491020203
9021 4 496  1 1 1 1 --- 0.171633958817
9022 4 286  1 0 1 0 --- 0.210823059082
9023 4 387  1 1 0 1 --- 0.198117017746
9024 4 393  0 1 1 0 --- 0.173027992249
9025 4 295  1 0 1 0 --- 0.163578987122
9026 4 512  1 1 1 0 --- 0.163619041443
9027 4 184  0 1 0 1 --- 0.169120073318
9028 4 317  0 1 0 1 --- 0.165052890778
9029 4 372  1 1 0 1 --- 0.172240972519
9030 4 296  0 1 0 1 --- 0.178880214691
9031 4 309  1 0 0 1 --- 0.182929992676
9032 4 501  1 0 1 1 --- 0.167140960693
9033 4 100  1 0 1 1 --- 0.172717094421
9034 4 253  1 0 0 0 --- 0.163273096085
9035 4 585  1 1 0 1 --- 0.178831100464
9036 4 584  1 1 1 1 --- 0.175451993942
9037 4 231  1 1 0 0 --- 0.162889003754
9038 4 251  1 1 0 0 --- 0.165068149567
9039 4 159  0 0 0 1 --- 0.153687000275
9040 4 314  1 1 0 1 --- 0.163263082504
9041 4 401  1 0 1 1 --- 0.165811061859
9042 4 437  1 1 0 1 --- 0.162649154663
9043 4 398  0 1 1 1 --- 0.163849115372
9044 4 505  1 0 1 1 --- 0.160722017288
9045 4 319  0 1 1 0 --- 0.165847063065
9046 4 217  1 1 1 0 --- 0.174391984940
9047 4 330  1 1 0 1 --- 0.196365118027
9048 4 254  1 1 0 1 --- 0.177528858185
9049 4 462  0 1 1 1 --- 0.164139986038

