0,000027947426 1000 50 500 0,00 0,2017262511
0,000027885437 1000 50 500 0,00 0,2017262511
0,000028614998 1000 50 500 0,00 0,2061970449
0,000028209686 1000 50 500 0,00 0,2056267015
0,000027899742 1000 50 500 0,00 0,2056267015
0,000028257370 1000 50 500 0,00 0,2191068612
0,000029430389 1000 50 500 0,00 0,2191068612
0,000028467178 1000 50 500 0,00 0,2191068612
0,000029320717 1000 50 500 0,00 0,2109589227
0,000028343201 1000 50 500 0,00 0,2109589227
0,000028514862 1000 50 500 0,00 0,2109589227
0,000028276443 1000 50 500 0,00 0,2128536872
0,000028176308 1000 50 500 0,00 0,2128536872
0,000029001236 1000 50 500 0,00 0,2065198745







0,000090656281 1000 50 500 0,30 0,0681809918
0,000082511902 1000 50 500 0,35 0,0993352827
0,000109601021 1000 50 500 0,40 0,0557457667
0,000110731125 1000 50 500 0,45 0,0710249059
0,000137562752 1000 50 500 0,50 0,0498910328
0,000168943405 1000 50 500 0,55 0,0401699326
0,000163936615 1000 50 500 0,60 0,0553135477
0,000206875801 1000 50 500 0,65 0,0518706269
0,000269808769 1000 50 500 0,70 0,0416197780
0,000304503441 1000 50 500 0,75 0,0390082698
0,000414876938 1000 50 500 0,80 0,0316025183
0,000512886047 1000 50 500 0,85 0,0319085466
0,000976891518 1000 50 500 0,90 0,0227254445
0,001610851288 1000 50 500 0,95 0,0177648876
