0,000134210587 1000 50 100 0,88 0,0504957419
0,000147900581 1000 50 110 0,88 0,0492742681
0,000158591270 1000 50 120 0,88 0,0439270824
0,000172643661 1000 50 130 0,88 0,0462973345
0,000185990334 1000 50 140 0,88 0,0518942737
0,000198206902 1000 50 150 0,88 0,0432587081
0,000365643501 1000 50 160 0,88 0,0476952089
0,000240893364 1000 50 170 0,88 0,0408062134
0,000235037804 1000 50 180 0,88 0,0348551055
0,000248084068 1000 50 190 0,88 0,0372204297
0,000294613838 1000 50 200 0,88 0,0344548086
0,000274543762 1000 50 210 0,88 0,0360374097
0,000345311165 1000 50 220 0,88 0,0361712698
0,000298023224 1000 50 230 0,88 0,0318509615
0,000318765640 1000 50 240 0,88 0,0377803915
0,000331969261 1000 50 250 0,88 0,0318247468
0,000339488983 1000 50 260 0,88 0,0280305505
0,000350728035 1000 50 270 0,88 0,0342663631
0,000370588303 1000 50 280 0,88 0,0380096046
0,000378599167 1000 50 290 0,88 0,0356586732
0,000389652252 1000 50 300 0,88 0,0359319529
0,000403103828 1000 50 310 0,88 0,0284628770
0,000427322388 1000 50 320 0,88 0,0309914536
0,000474362373 1000 50 330 0,88 0,0321088468
0,000454635620 1000 50 340 0,88 0,0336749247
0,000469231606 1000 50 350 0,88 0,0344873241
0,000467324257 1000 50 360 0,88 0,0320722770
0,000479264259 1000 50 370 0,88 0,0296535995
0,000492610931 1000 50 380 0,88 0,0294735564
0,000665316582 1000 50 390 0,88 0,0288162619
0,000522036552 1000 50 400 0,88 0,0297041645
0,000542540550 1000 50 410 0,88 0,0264984647
0,000546703339 1000 50 420 0,88 0,0300969675
0,000629763603 1000 50 430 0,88 0,0300098724
0,000611672401 1000 50 440 0,88 0,0315224650
0,000580868721 1000 50 450 0,88 0,0289921732
0,000592203140 1000 50 460 0,88 0,0264112511
0,000619854927 1000 50 470 0,88 0,0236495142
0,000680184364 1000 50 480 0,88 0,0249503666
0,000634994507 1000 50 490 0,88 0,0246460439
0,000643978119 1000 50 500 0,88 0,0260477986
0,000680780411 1000 50 510 0,88 0,0282012740
0,000677018166 1000 50 520 0,88 0,0267880398
0,000708556175 1000 50 530 0,88 0,0268152825
0,000710883141 1000 50 540 0,88 0,0241256542
0,000710043907 1000 50 550 0,88 0,0233531032
0,000765509605 1000 50 560 0,88 0,0231222225
0,000749864578 1000 50 570 0,88 0,0246971048
0,000756750107 1000 50 580 0,88 0,0255788038
0,000757088661 1000 50 590 0,88 0,0278719947
0,000774607658 1000 50 600 0,88 0,0273992176
0,000786314011 1000 50 610 0,88 0,0257431490
0,000795912743 1000 50 620 0,88 0,0261312840
0,000844154358 1000 50 630 0,88 0,0256388214
0,000883955956 1000 50 640 0,88 0,0252230297
0,000890321732 1000 50 650 0,88 0,0235519789
0,000847592354 1000 50 660 0,88 0,0257780504
0,000882248878 1000 50 670 0,88 0,0259744929
0,000890398026 1000 50 680 0,88 0,0238097476
0,000911316872 1000 50 690 0,88 0,0242491713
0,000934567451 1000 50 700 0,88 0,0253536440
0,000950980186 1000 50 710 0,88 0,0240667946
0,000994553566 1000 50 720 0,88 0,0241388417
0,000953226089 1000 50 730 0,88 0,0219922545
0,000959410667 1000 50 740 0,88 0,0239753275
0,000995483398 1000 50 750 0,88 0,0257140176
0,000980257988 1000 50 760 0,88 0,0213066196
0,000998945236 1000 50 770 0,88 0,0213342127
0,001015920639 1000 50 780 0,88 0,0228488435
0,001044664383 1000 50 790 0,88 0,0222792386
0,001044983864 1000 50 800 0,88 0,0212664381
0,001040201187 1000 50 810 0,88 0,0240232991
0,001117529869 1000 50 820 0,88 0,0202310313
0,001077241898 1000 50 830 0,88 0,0202889412
0,001077303886 1000 50 840 0,88 0,0188255720
0,001145362854 1000 50 850 0,88 0,0230068863
0,001178307533 1000 50 860 0,88 0,0203485191
0,001136841774 1000 50 870 0,88 0,0238280602
0,001226825714 1000 50 880 0,88 0,0247916771
0,001243810654 1000 50 890 0,88 0,0229311383
0,001156220436 1000 50 900 0,88 0,0175776389
0,001169590950 1000 50 910 0,88 0,0197606742
0,001215152740 1000 50 920 0,88 0,0211472340
0,001241898537 1000 50 930 0,88 0,0231798936
0,001278147697 1000 50 940 0,88 0,0204540083
0,001238241196 1000 50 950 0,88 0,0221384713
0,001295013428 1000 50 960 0,88 0,0214075181
0,001305193901 1000 50 970 0,88 0,0223689048
0,001268820763 1000 50 980 0,88 0,0216606365
0,001269145012 1000 50 990 0,88 0,0188424818
0,001311936378 1000 50 1000 0,88 0,0213825522
