0,000186128616 100 50 500 0,88 0,0262221679
0,000308227539 200 50 500 0,88 0,0278483461
0,000448107719 300 50 500 0,88 0,0262226714
0,000487332344 400 50 500 0,88 0,0257111374
0,000541677475 500 50 500 0,88 0,0240959246
0,000564885139 600 50 500 0,88 0,0263887282
0,000582079887 700 50 500 0,88 0,0291744948
0,000592966080 800 50 500 0,88 0,0280174799
0,000618848801 900 50 500 0,88 0,0276986927
0,000702919960 1000 50 500 0,88 0,0262184290
0,000671577454 1100 50 500 0,88 0,0260317315
0,000687613487 1200 50 500 0,88 0,0276424252
0,000702133179 1300 50 500 0,88 0,0262889994
0,000720477104 1400 50 500 0,88 0,0270336977
0,000726561546 1500 50 500 0,88 0,0272576560
0,000793724060 1600 50 500 0,88 0,0234065584
0,000776963234 1700 50 500 0,88 0,0284900703
0,000796980858 1800 50 500 0,88 0,0256287720
0,000795893669 1900 50 500 0,88 0,0265016357
0,000772385597 2000 50 500 0,88 0,0294939431
0,000833101273 2100 50 500 0,88 0,0271927988
0,000807685852 2200 50 500 0,88 0,0293563678
0,000798964500 2300 50 500 0,88 0,0298000171
0,000852599144 2400 50 500 0,88 0,0258754854
0,000822734833 2500 50 500 0,88 0,0274474946
0,000834875107 2600 50 500 0,88 0,0266528640
0,000853509903 2700 50 500 0,88 0,0250324553
0,000872163773 2800 50 500 0,88 0,0259285260
0,000847954750 2900 50 500 0,88 0,0275458559
0,000875310898 3000 50 500 0,88 0,0229956481
0,000994873047 3100 50 500 0,88 0,0281106728
0,000879659653 3200 50 500 0,88 0,0291946874
0,000886621475 3300 50 500 0,88 0,0275753511
0,000901937485 3400 50 500 0,88 0,0272395952
0,000942101479 3500 50 500 0,88 0,0257859903
0,000968542099 3600 50 500 0,88 0,0261542201
0,000966229439 3700 50 500 0,88 0,0306613357
0,000896959305 3800 50 500 0,88 0,0314140211
0,000982027054 3900 50 500 0,88 0,0269608912
0,000918416977 4000 50 500 0,88 0,0254191904
0,000988035202 4100 50 500 0,88 0,0257094162
0,000981349945 4200 50 500 0,88 0,0305568944
0,000955424309 4300 50 500 0,88 0,0281697905
0,001004137993 4400 50 500 0,88 0,0266367683
0,000938849449 4500 50 500 0,88 0,0267257874
0,001062698364 4600 50 500 0,88 0,0274765830
0,000969724655 4700 50 500 0,88 0,0289058142
0,000956525803 4800 50 500 0,88 0,0282008696
0,000958404541 4900 50 500 0,88 0,0299437692
0,001017637253 5000 50 500 0,88 0,0254987549
0,000974907875 5100 50 500 0,88 0,0239354742
0,001019444466 5200 50 500 0,88 0,0245256554
0,000979828835 5300 50 500 0,88 0,0264638218
0,000962586403 5400 50 500 0,88 0,0278547548
0,000973806381 5500 50 500 0,88 0,0294659864
0,000954661369 5600 50 500 0,88 0,0304762813
0,001064486504 5700 50 500 0,88 0,0265472818
0,001059002876 5800 50 500 0,88 0,0238524632
0,001008629799 5900 50 500 0,88 0,0265348359
0,001031379700 6000 50 500 0,88 0,0252335978
0,000991139412 6100 50 500 0,88 0,0304494818
0,001006650925 6200 50 500 0,88 0,0286215270
0,000982880592 6300 50 500 0,88 0,0272745545
0,001078867912 6400 50 500 0,88 0,0306486784
0,001117959023 6500 50 500 0,88 0,0233705916
0,001064157486 6600 50 500 0,88 0,0268390703
0,001071829796 6700 50 500 0,88 0,0256591300
0,001016211510 6800 50 500 0,88 0,0300109881
0,001046571732 6900 50 500 0,88 0,0284817563
0,001035542488 7000 50 500 0,88 0,0284009944
0,001055593491 7100 50 500 0,88 0,0283906229
0,001027674675 7200 50 500 0,88 0,0296931955
0,001014156342 7300 50 500 0,88 0,0317675070
0,001044845581 7400 50 500 0,88 0,0238885831
0,001037306786 7500 50 500 0,88 0,0239275447
0,001083555222 7600 50 500 0,88 0,0251090742
0,001057224274 7700 50 500 0,88 0,0295476496
0,001068210602 7800 50 500 0,88 0,0286879247
0,001088252068 7900 50 500 0,88 0,0281147571
0,001093568802 8000 50 500 0,88 0,0293203414
0,001035013199 8100 50 500 0,88 0,0282546327
0,001034269333 8200 50 500 0,88 0,0310095058
0,001122851372 8300 50 500 0,88 0,0304439538
0,001085939407 8400 50 500 0,88 0,0246428458
0,001106662750 8500 50 500 0,88 0,0239900265
0,001078906059 8600 50 500 0,88 0,0303940127
0,001059255600 8700 50 500 0,88 0,0311653289
0,001074638367 8800 50 500 0,88 0,0275238097
0,001059465408 8900 50 500 0,88 0,0296476605
0,001071648598 9000 50 500 0,88 0,0308881428
0,001093044281 9100 50 500 0,88 0,0278693898
0,001117448807 9200 50 500 0,88 0,0278005051
0,001066441536 9300 50 500 0,88 0,0247578475
0,001115617752 9400 50 500 0,88 0,0278238985
0,001165399551 9500 50 500 0,88 0,0269907274
0,001131553650 9600 50 500 0,88 0,0237538943
0,001084952354 9700 50 500 0,88 0,0246058019
0,001100988388 9800 50 500 0,88 0,0304665047
0,001206393242 9900 50 500 0,88 0,0287615919
0,001087188721 10000 50 500 0,88 0,0275621776
