kubik@shawshank:/tmp/mipaa/batoh_dyn> g++ -Wall -pedantic batoh_dyn_new_repeat.cpp -O3; ./a.out ../in/knap_27.inst.dat 50
9300 27 3538  1 1 1 1 1 1 0 1 1 1 1 1 1 1 1 1 1 1 0 1 1 1 1 0 0 0 1 --- 2.499310016632
9301 27 3609  1 0 1 1 1 1 0 1 1 1 1 1 0 1 0 0 1 1 1 1 1 1 0 1 1 1 1 --- 2.465629816055
9302 27 3256  1 1 0 1 1 1 1 1 1 1 1 1 0 1 1 1 0 1 1 1 0 0 1 0 1 1 1 --- 2.482248783112
9303 27 2553  1 0 1 1 1 1 1 0 1 1 1 1 1 0 1 1 1 0 1 0 1 1 1 1 1 1 0 --- 2.481570959091
9304 27 2932  1 1 1 1 1 1 1 1 1 1 0 1 0 1 1 1 1 0 0 1 0 1 0 1 1 1 1 --- 2.470741987228
9305 27 3100  1 1 1 1 1 1 1 1 0 1 0 1 1 1 1 1 0 0 1 0 0 1 1 0 1 1 1 --- 2.601337194443
9306 27 2820  1 1 1 1 1 1 1 1 1 0 1 1 1 1 1 1 1 0 1 1 1 0 1 0 1 0 0 --- 2.811045169830
9307 27 3264  0 0 1 1 1 1 1 1 1 1 0 1 1 1 1 0 0 1 1 1 1 1 0 1 1 1 1 --- 2.685036897659
9308 27 3043  1 1 1 1 1 0 1 0 1 1 1 1 0 1 1 0 1 1 0 1 1 1 0 1 0 1 0 --- 2.520602941513
9309 27 2838  1 1 1 1 1 1 1 1 1 1 1 1 1 1 0 1 1 0 1 1 1 1 0 1 1 0 1 --- 2.495867967606
9310 27 3488  1 1 1 1 0 0 1 1 1 0 1 1 1 1 1 1 1 1 0 1 1 1 1 1 1 1 1 --- 2.440589189529
9311 27 3490  1 1 1 1 1 1 1 1 1 1 1 1 1 0 1 1 1 0 1 1 1 1 0 0 1 1 0 --- 2.380076169968
9312 27 2880  1 1 1 1 1 1 1 1 1 0 1 1 0 1 1 1 1 0 1 1 1 0 1 1 1 1 1 --- 2.406970024109
9313 27 2997  1 0 1 1 1 1 1 1 1 1 0 1 1 1 1 1 0 1 1 1 1 1 0 0 0 1 1 --- 2.546605110168
9314 27 2805  1 1 1 1 1 1 1 1 0 0 0 1 1 1 1 1 1 0 1 1 1 0 1 1 1 1 0 --- 2.453119039536
9315 27 3240  1 1 0 0 1 1 0 1 1 1 1 1 1 1 1 1 1 1 1 0 1 1 1 1 1 1 1 --- 2.502898931503
9316 27 2868  1 1 1 1 0 1 1 0 1 1 1 1 1 1 1 0 1 1 0 0 0 1 1 1 1 1 0 --- 2.548344850540
9317 27 3019  1 1 0 0 1 1 1 1 1 1 1 0 1 0 0 1 1 1 1 1 1 1 0 1 1 1 1 --- 2.510058879852
9318 27 3359  1 1 1 0 1 1 1 1 1 1 1 1 1 1 1 1 0 0 1 1 0 1 1 0 1 1 1 --- 2.563573837280
9319 27 2812  1 1 1 1 1 0 1 1 1 1 1 0 1 0 1 1 1 1 1 1 1 1 0 0 0 1 1 --- 2.427088022232
9320 27 3306  1 1 1 1 0 1 1 1 0 1 1 1 1 1 1 0 0 1 0 1 1 0 1 1 1 0 1 --- 2.469286918640
9321 27 2533  1 1 1 0 1 1 1 1 1 1 1 1 1 1 1 1 1 1 0 0 0 1 1 1 0 1 1 --- 2.398054838181
9322 27 2773  1 1 1 0 1 1 1 0 1 1 1 0 1 1 1 1 1 1 1 1 0 1 0 0 1 1 1 --- 2.388767004013
9323 27 3228  1 1 1 1 0 1 0 1 0 1 1 1 1 1 1 1 1 1 1 0 1 1 0 1 1 1 1 --- 2.514225959778
9324 27 3379  1 1 1 1 1 1 1 1 1 1 1 1 1 1 0 1 1 0 0 1 1 0 1 1 1 1 1 --- 2.467234134674
9325 27 3477  1 1 1 1 0 1 1 1 0 0 1 0 0 1 1 0 1 1 1 1 1 1 1 1 0 1 1 --- 2.511522054672
9326 27 3391  0 1 1 1 1 1 0 1 1 1 1 1 1 1 1 1 1 1 1 1 1 0 0 1 1 1 1 --- 2.752988100052
9327 27 3063  1 1 1 1 1 1 1 1 0 1 0 0 1 0 1 1 0 1 0 1 0 1 1 0 1 1 0 --- 2.493872165680
9328 27 2924  1 0 1 0 1 1 1 1 1 1 1 0 1 1 1 1 0 1 1 1 1 1 0 1 0 0 1 --- 2.506990909576
9329 27 3244  1 0 1 1 0 1 1 1 1 1 1 1 1 1 1 1 0 0 1 1 1 1 1 1 1 1 0 --- 2.418059825897
9330 27 3261  1 1 1 1 1 1 0 1 1 1 1 1 0 1 1 1 1 1 1 1 1 0 1 1 1 0 0 --- 2.541646003723
9331 27 3494  1 1 0 1 1 1 1 0 1 1 1 1 1 0 1 0 1 1 0 1 0 1 1 1 1 1 1 --- 2.473205089569
9332 27 3333  1 1 1 1 1 1 1 1 1 1 1 0 1 1 1 1 1 1 1 1 1 1 0 1 0 1 1 --- 2.383368968964
9333 27 3398  1 1 1 1 1 1 1 1 1 1 1 0 0 0 1 0 1 1 1 1 1 1 0 1 1 0 1 --- 2.430591106415
9334 27 3080  1 1 1 1 1 1 1 1 1 1 0 1 1 1 1 1 1 1 0 0 1 0 1 1 0 0 1 --- 2.474779129028
9335 27 3315  1 1 1 0 0 1 1 1 1 1 1 1 1 0 1 1 1 0 1 0 1 1 1 0 0 1 1 --- 2.558221101761
9336 27 3458  1 1 1 0 1 1 1 1 1 1 1 1 1 0 1 1 1 1 0 1 0 1 0 0 1 1 1 --- 2.425819158554
9337 27 3546  1 1 0 1 1 1 1 1 1 1 1 1 1 1 0 1 1 1 0 1 1 0 0 1 1 0 1 --- 2.839584827423
9338 27 349  0 0 0 0 0 0 0 0 0 0 0 0 0 0 0 0 0 0 0 0 0 0 0 0 0 0 1 --- 2.668774843216
9339 27 3133  1 1 1 1 1 1 1 1 0 1 1 1 0 0 0 1 1 0 1 1 0 1 1 1 1 1 1 --- 2.614561080933
9340 27 2970  1 1 1 1 1 1 1 0 1 1 1 1 1 1 1 1 1 0 0 0 1 1 1 0 0 1 1 --- 2.428812026978
9341 27 3977  1 1 1 0 1 1 1 1 1 1 1 1 1 0 1 1 0 1 1 0 1 1 1 1 1 0 1 --- 2.435912132263
9342 27 2954  1 1 0 1 1 1 1 1 1 1 1 1 1 0 1 0 1 1 1 1 0 1 1 0 0 0 1 --- 2.486619949341
9343 27 3156  1 0 1 1 1 1 1 0 0 1 0 1 1 1 1 1 1 1 1 1 1 0 1 1 1 1 0 --- 2.356167078018
9344 27 3490  1 1 1 1 1 1 1 1 1 1 1 0 1 0 1 0 1 1 1 1 0 0 0 1 0 1 1 --- 2.480847835541
9345 27 2884  1 1 1 1 1 1 1 1 0 1 1 0 1 1 0 1 1 1 1 1 0 0 1 1 1 1 1 --- 2.455446004868
9346 27 3124  0 1 1 1 1 1 0 1 1 1 1 1 1 1 1 0 1 0 0 0 1 1 1 1 1 1 1 --- 2.471659898758
9347 27 2545  0 0 1 1 1 1 1 1 1 1 1 1 1 1 1 1 1 1 0 1 1 0 1 1 1 0 1 --- 2.447257041931
9348 27 2846  0 1 1 1 1 0 0 1 1 1 0 1 1 1 1 0 1 1 1 1 0 1 1 1 1 0 1 --- 2.464256048203
9349 27 3019  1 0 1 1 1 1 1 1 0 0 1 1 1 1 1 1 1 0 0 1 1 1 1 1 1 0 1 --- 2.446094989777
