kubik@shawshank:/tmp/mipaa/batoh_dyn> g++ -Wall -pedantic batoh_dyn_new_repeat.cpp -O3; ./a.out ../in/knap_10.inst.dat 50
9050 10 798  0 1 1 0 0 1 1 1 0 1 --- 0.371196985245
9051 10 942  1 1 1 0 1 1 1 1 0 1 --- 0.355741024017
9052 10 740  0 1 1 1 0 0 1 1 1 1 --- 0.367965936661
9053 10 956  1 1 1 1 1 0 1 0 1 0 --- 0.378190040588
9054 10 1501  1 1 1 1 1 0 1 1 1 0 --- 0.381042003632
9055 10 1351  1 0 1 1 1 1 1 1 1 1 --- 0.372442960739
9056 10 1375  1 1 1 1 0 1 1 1 1 1 --- 0.378273963928
9057 10 1153  0 1 1 1 0 1 1 1 1 1 --- 0.376044988632
9058 10 1234  1 0 1 0 1 1 1 1 1 0 --- 0.390900135040
9059 10 1260  1 0 1 1 1 0 0 1 1 1 --- 0.414250850677
9060 10 1319  1 1 1 0 1 1 0 0 1 1 --- 0.413603067398
9061 10 1169  1 1 1 1 1 1 0 1 1 1 --- 0.422362089157
9062 10 99  0 0 0 0 0 0 0 0 0 1 --- 0.363505840302
9063 10 1023  0 1 1 1 1 1 1 1 0 0 --- 0.406909942627
9064 10 1389  1 1 1 1 0 0 1 1 1 1 --- 0.385106801987
9065 10 1168  0 1 0 1 0 1 1 0 0 1 --- 0.363653898239
9066 10 1024  1 1 0 1 0 1 1 1 1 1 --- 0.404701948166
9067 10 1195  1 1 1 1 0 0 1 0 1 1 --- 0.354719877243
9068 10 872  1 1 1 1 1 1 0 1 0 0 --- 0.365792989731
9069 10 1099  1 1 1 0 1 0 1 1 1 0 --- 0.371698856354
9070 10 1286  0 0 1 1 1 1 1 1 1 1 --- 0.380959987640
9071 10 1178  0 1 1 1 1 1 1 0 0 1 --- 0.392374038696
9072 10 1217  1 1 0 1 0 1 0 1 1 1 --- 0.392904996872
9073 10 939  1 0 0 1 1 1 1 0 1 1 --- 0.393575906754
9074 10 784  1 1 1 1 0 0 0 1 1 0 --- 0.370109081268
9075 10 1240  1 1 1 1 0 0 1 1 1 1 --- 0.373888015747
9076 10 917  1 0 1 1 1 1 0 1 0 0 --- 0.395887851715
9077 10 1033  1 1 0 1 1 1 1 0 1 0 --- 0.398688077927
9078 10 1386  1 1 1 1 1 1 0 1 1 1 --- 0.414619922638
9079 10 1266  0 1 1 1 1 1 1 1 0 1 --- 0.397701978683
9080 10 1054  1 1 1 0 0 0 1 1 1 0 --- 0.386556863785
9081 10 980  1 1 0 0 1 1 0 1 0 0 --- 0.377664089203
9082 10 952  1 1 0 0 0 0 1 1 1 1 --- 0.384249925613
9083 10 1446  1 0 1 1 1 1 1 1 1 1 --- 0.473610877991
9084 10 1196  1 0 0 1 1 1 1 1 1 1 --- 0.428689956665
9085 10 1062  1 1 0 1 1 0 1 0 1 1 --- 0.427968978882
9086 10 748  1 1 1 1 1 0 0 0 1 0 --- 0.356894016266
9087 10 1059  1 0 1 1 1 0 1 1 0 0 --- 0.364974975586
9088 10 1578  1 1 1 1 1 1 1 1 1 1 --- 0.385851144791
9089 10 694  1 0 1 1 1 0 1 0 1 1 --- 0.365127801895
9090 10 1143  1 1 1 1 1 1 1 1 1 0 --- 0.473332881927
9091 10 1043  1 1 0 1 1 1 1 1 1 1 --- 0.399800062180
9092 10 1436  1 1 1 1 1 0 1 1 1 1 --- 0.385503053665
9093 10 1368  0 1 1 1 1 1 1 1 1 1 --- 0.378443956375
9094 10 1315  0 1 1 1 1 1 0 1 0 1 --- 0.376555204391
9095 10 1005  1 1 1 1 0 0 1 1 0 1 --- 0.391208171844
9096 10 1187  1 1 1 1 1 0 1 1 0 1 --- 0.395532131195
9097 10 959  1 1 1 0 1 1 1 1 1 0 --- 0.396911859512
9098 10 925  0 1 1 1 0 0 1 1 1 0 --- 0.401274919510
9099 10 1243  1 1 1 1 1 1 1 0 0 1 --- 0.387792825699