kubik@shawshank:/tmp/mipaa/batoh_dyn> g++ -Wall -pedantic batoh_dyn_new_repeat.cpp -O3; ./a.out ../in/knap_20.inst.dat 50
9150 20 1995  1 1 1 0 1 1 1 1 1 1 1 1 0 1 0 0 0 1 0 1 --- 1.445953130722
9151 20 2623  1 1 1 1 1 1 1 1 0 1 1 0 1 1 1 1 0 1 1 1 --- 1.469053983688
9152 20 2607  1 1 1 0 1 1 1 1 1 1 1 0 1 1 1 1 1 1 1 1 --- 1.427820920944
9153 20 2089  1 1 1 1 1 1 0 1 0 1 1 1 0 0 1 1 0 1 1 1 --- 1.488517999649
9154 20 2062  1 1 1 1 1 1 0 1 1 1 0 1 1 1 1 1 1 0 1 1 --- 1.396126031876
9155 20 2723  1 1 1 1 1 0 1 1 1 1 1 1 1 1 0 0 1 1 1 1 --- 1.393527984619
9156 20 2193  1 1 1 1 0 1 1 1 0 1 1 0 1 1 1 1 1 0 1 1 --- 1.576761007309
9157 20 2992  1 1 1 1 1 1 1 1 1 1 1 0 1 1 1 0 1 0 1 1 --- 1.378487825394
9158 20 2197  0 1 1 1 1 1 1 1 1 1 0 1 0 1 1 1 1 1 1 1 --- 1.481042146683
9159 20 2551  1 1 1 1 1 0 1 0 1 1 1 0 0 1 1 1 1 1 1 0 --- 1.504595994949
9160 20 2372  1 1 1 1 1 1 1 1 1 1 1 1 0 1 1 1 1 1 0 0 --- 1.407744884491
9161 20 2116  1 1 1 1 1 1 1 1 1 0 1 0 1 0 1 1 1 0 1 1 --- 1.508182048798
9162 20 2368  1 1 0 0 1 1 1 1 1 0 1 1 1 1 1 1 1 0 1 0 --- 1.430914163589
9163 20 2440  1 1 1 0 1 0 1 1 0 1 1 1 1 1 0 1 0 1 1 1 --- 1.366089820862
9164 20 1609  1 1 1 1 1 1 1 1 1 1 1 1 0 1 0 0 1 1 0 1 --- 1.431303024292
9165 20 249  0 0 0 0 0 0 0 0 0 0 0 0 0 0 0 0 0 0 0 1 --- 1.308670997620
9166 20 2184  1 1 1 1 1 1 0 1 1 1 0 1 0 1 1 0 1 0 1 1 --- 1.371439933777
9167 20 1903  1 0 0 1 1 1 0 1 1 0 1 1 0 1 1 0 1 0 1 1 --- 1.372411012650
9168 20 2359  1 1 1 1 0 1 0 1 1 1 0 1 1 1 1 1 0 1 1 1 --- 1.471663951874
9169 20 2550  0 1 0 1 1 0 1 1 1 1 1 1 1 1 1 1 1 1 0 1 --- 1.446022033691
9170 20 2796  1 0 1 1 1 1 1 0 1 1 1 1 1 0 1 1 0 1 1 1 --- 1.379200935364
9171 20 1953  1 1 1 1 1 1 1 1 1 1 0 1 1 1 0 1 1 0 1 1 --- 1.379086971283
9172 20 2532  1 1 1 1 1 1 1 1 1 1 1 1 1 1 1 1 1 0 1 0 --- 1.356637001038
9173 20 2347  1 0 1 1 1 1 1 0 1 0 1 1 0 1 1 1 1 1 1 1 --- 1.401947975159
9174 20 2684  1 1 1 1 1 1 1 1 1 1 0 1 1 1 1 0 0 1 0 1 --- 1.404780149460
9175 20 1903  1 0 1 1 0 1 0 1 1 1 1 1 1 1 0 1 0 1 0 1 --- 1.391796827316
9176 20 2335  1 1 1 1 1 1 1 1 1 1 0 1 1 1 1 1 1 1 1 0 --- 1.365278005600
9177 20 2365  1 1 1 1 1 1 0 1 1 0 1 1 1 1 1 1 0 0 1 1 --- 1.390537023544
9178 20 2249  1 1 1 1 1 1 1 1 0 1 0 1 1 1 1 0 0 1 1 0 --- 1.428968906403
9179 20 2041  1 1 0 1 1 1 1 1 1 0 1 1 1 1 0 1 1 0 1 0 --- 1.379504919052
9180 20 2273  1 1 1 1 1 1 1 1 1 1 1 1 0 1 1 0 1 0 0 1 --- 1.413213968277
9181 20 2435  1 1 1 1 1 1 1 1 1 0 0 1 1 1 0 1 1 1 1 1 --- 1.348500967026
9182 20 2508  1 0 1 1 1 1 0 1 1 1 0 1 1 1 0 1 0 0 1 1 --- 1.408976078033
9183 20 1863  1 0 1 1 1 1 0 1 0 1 0 1 1 1 1 1 1 1 1 0 --- 1.383631944656
9184 20 2959  1 1 1 1 0 1 1 1 1 1 0 1 1 1 1 1 1 1 1 1 --- 1.457401037216
9185 20 2411  1 0 1 1 1 1 1 1 1 1 1 1 1 0 1 0 1 1 1 1 --- 1.352020978928
9186 20 2456  1 1 1 1 1 0 1 1 0 0 1 1 1 1 1 1 1 0 1 1 --- 1.491624116898
9187 20 2333  1 1 1 0 1 1 1 1 1 0 0 1 1 1 1 1 0 1 1 0 --- 1.446981906891
9188 20 1983  1 1 0 1 1 0 0 0 1 1 0 1 1 1 1 1 1 1 1 1 --- 1.398130893707
9189 20 2041  0 1 1 1 1 1 1 1 1 1 1 1 0 1 1 1 1 1 1 0 --- 1.512079000473
9190 20 2338  1 0 1 1 1 1 1 1 0 1 1 1 1 1 0 0 1 1 1 0 --- 1.340731859207
9191 20 2818  1 1 1 0 1 1 1 0 1 1 1 1 1 1 1 1 1 1 1 1 --- 1.356779098511
9192 20 2441  1 1 1 1 0 1 1 1 0 1 1 1 1 1 1 0 1 1 0 1 --- 1.366682052612
9193 20 1821  1 1 1 1 1 0 1 1 0 1 0 1 0 1 1 1 0 1 0 1 --- 1.351424932480
9194 20 2721  1 0 1 1 1 1 1 1 1 0 0 1 1 1 1 1 0 1 1 0 --- 1.357421875000
9195 20 2421  1 1 1 1 1 1 1 1 1 1 0 1 1 1 1 1 0 0 1 1 --- 1.419847011566
9196 20 2475  1 1 0 1 1 1 1 1 0 1 1 1 1 1 1 1 0 1 1 1 --- 1.413812160492
9197 20 2417  1 1 1 1 1 1 1 0 1 1 1 0 1 0 1 1 1 1 1 1 --- 1.385671854019
9198 20 2033  1 1 1 1 1 1 1 1 0 0 1 1 0 1 1 1 1 0 1 1 --- 1.631181955338
9199 20 2168  1 1 1 1 1 1 0 1 1 0 1 1 1 0 0 1 1 1 0 1 --- 2.046555995941
