kubik@shawshank:/tmp/mipaa/batoh_dyn> g++ -Wall -pedantic batoh_dyn_new_repeat.cpp -O3; ./a.out ../in/knap_22.inst.dat 50
9200 22 2625  1 0 1 1 1 1 1 1 1 1 1 0 1 1 1 1 0 0 1 1 1 1 --- 1.476111173630
9201 22 2215  1 1 1 0 0 1 1 1 1 0 1 1 1 1 0 1 1 0 1 1 1 1 --- 1.544347047806
9202 22 2479  0 1 1 1 0 1 1 1 1 1 1 1 0 1 1 1 0 0 1 1 1 1 --- 1.579906940460
9203 22 2474  1 1 1 1 1 1 1 0 1 1 1 1 0 1 1 0 0 1 1 1 1 1 --- 1.549701929092
9204 22 2877  1 0 0 1 1 1 1 1 1 1 1 1 0 1 0 1 1 1 1 1 1 0 --- 1.600386142731
9205 22 2581  1 1 0 1 1 1 1 0 0 1 1 1 0 0 1 0 1 1 1 1 1 1 --- 1.632153987885
9206 22 2401  0 1 1 1 1 0 1 1 1 1 1 1 1 0 1 1 1 0 0 1 1 0 --- 1.614009857178
9207 22 2647  0 1 0 1 1 1 1 1 1 1 1 1 0 1 1 0 0 1 1 1 0 1 --- 1.535427093506
9208 22 2425  1 1 0 1 1 1 1 1 0 0 1 1 1 0 1 0 1 1 1 1 0 1 --- 1.656468868256
9209 22 2265  1 1 1 1 1 1 1 1 1 1 1 0 1 0 0 1 1 0 1 1 0 1 --- 1.698355913162
9210 22 2576  1 1 1 1 0 1 1 1 1 1 0 1 1 1 1 1 1 1 1 1 0 0 --- 1.502458810806
9211 22 2525  0 0 1 1 1 1 1 1 0 1 1 1 0 1 1 1 1 0 1 1 0 0 --- 1.502196073532
9212 22 2561  1 1 1 0 1 1 1 1 0 1 1 1 1 0 0 1 0 1 1 1 0 1 --- 1.555015087128
9213 22 2677  1 1 1 1 0 1 1 1 1 1 1 1 1 0 1 1 0 0 0 0 1 1 --- 1.679390907288
9214 22 2442  1 1 1 1 1 0 1 1 0 1 1 1 1 1 1 0 1 1 0 1 1 0 --- 1.555511951447
9215 22 2646  1 1 1 0 1 1 1 1 0 1 1 0 0 1 1 1 0 1 1 1 0 1 --- 1.559845924377
9216 22 1868  1 1 1 1 1 1 1 1 1 1 1 0 0 1 1 1 1 0 0 1 1 1 --- 1.599675893784
9217 22 2505  1 1 0 1 1 1 1 0 1 0 1 0 1 1 1 1 0 1 1 1 0 1 --- 1.575655937195
9218 22 2244  1 1 1 1 1 1 1 0 1 1 1 1 1 0 1 1 1 1 0 1 1 1 --- 1.652546167374
9219 22 2345  0 1 0 1 1 1 1 1 0 0 1 0 1 1 1 1 1 1 1 1 1 1 --- 1.527729988098
9220 22 2651  1 1 0 1 1 1 1 1 0 1 0 1 1 1 1 0 0 1 1 1 1 1 --- 1.578072071075
9221 22 3032  1 1 1 1 1 1 1 1 1 0 1 1 0 0 1 1 1 1 1 0 1 1 --- 1.551340103149
9222 22 2393  1 0 1 1 1 1 1 1 1 1 1 0 0 0 1 1 0 1 1 0 1 1 --- 1.549828052521
9223 22 2811  1 1 1 1 1 1 1 1 1 0 1 1 1 1 0 1 1 0 1 0 1 1 --- 1.515514135361
9224 22 2315  1 0 0 1 1 1 0 1 1 0 1 1 0 0 1 1 1 1 1 1 1 1 --- 1.481536149979
9225 22 2564  1 0 1 1 1 1 0 1 1 0 1 0 1 1 1 1 1 1 0 1 0 1 --- 1.534083843231
9226 22 2250  1 1 0 1 1 1 1 0 0 1 1 1 1 0 0 1 1 1 1 1 0 0 --- 1.501071929932
9227 22 2453  1 1 1 0 1 1 0 1 1 1 1 1 1 1 1 1 1 0 0 0 1 1 --- 1.524488925934
9228 22 2520  1 1 1 1 1 1 1 1 1 1 0 1 1 1 1 0 1 1 1 1 1 0 --- 1.496128082275
9229 22 2157  1 1 1 1 1 1 0 1 1 0 0 1 0 1 0 1 0 0 1 0 1 0 --- 1.563824892044
9230 22 2633  1 0 1 0 1 1 1 1 1 1 0 1 1 0 0 1 1 1 1 1 0 1 --- 1.531007051468
9231 22 2260  1 1 1 1 1 0 1 1 0 1 0 1 1 0 1 0 0 1 1 1 0 1 --- 1.581187009811
9232 22 2318  1 0 1 1 1 1 1 1 1 1 1 1 0 1 0 1 0 0 1 1 1 1 --- 1.551706075668
9233 22 2405  1 1 0 0 1 1 1 1 1 1 1 0 1 0 1 1 1 0 1 1 1 1 --- 1.515758991241
9234 22 2626  1 0 1 1 1 0 0 1 0 1 1 1 1 0 1 1 1 1 1 1 0 1 --- 1.531750917435
9235 22 2827  1 0 1 1 1 1 0 1 1 1 1 1 1 1 0 1 0 0 1 1 0 1 --- 1.554879903793
9236 22 2358  1 0 1 1 0 1 0 1 1 1 1 1 0 1 1 1 1 0 1 0 1 1 --- 1.609787940979
9237 22 249  0 0 0 0 0 0 0 0 0 0 0 0 0 0 0 0 0 0 0 0 0 1 --- 1.423935890198
9238 22 2920  1 1 0 1 1 1 1 1 1 1 1 1 1 0 0 1 1 0 0 0 1 1 --- 1.474750995636
9239 22 2476  1 1 1 1 1 1 0 0 0 1 1 0 1 1 0 1 1 1 1 1 1 1 --- 1.588675975800
9240 22 2069  1 0 1 1 1 1 1 0 0 1 1 1 0 1 1 1 0 1 1 1 1 1 --- 1.509788990021
9241 22 2486  1 0 1 1 1 1 1 1 1 1 1 1 0 1 1 1 1 1 1 0 1 0 --- 1.643695116043
9242 22 2673  1 1 0 1 1 1 0 1 0 1 1 1 1 1 1 1 0 1 0 1 1 1 --- 1.534239053726
9243 22 2570  0 1 1 1 1 0 1 0 1 1 0 1 1 1 0 1 1 1 1 1 0 1 --- 1.483534097672
9244 22 2956  1 0 1 1 0 1 1 1 1 1 0 1 1 1 1 1 0 1 1 1 1 1 --- 1.496628046036
9245 22 2082  1 1 1 0 1 1 1 1 0 0 1 1 1 1 0 0 1 0 1 1 1 1 --- 1.496737957001
9246 22 2915  0 1 0 1 0 1 0 1 1 1 1 1 1 1 0 1 1 0 1 1 1 1 --- 1.501465082169
9247 22 2555  1 1 1 1 1 1 1 1 0 0 0 1 0 0 1 1 1 1 1 1 1 1 --- 1.546226024628
9248 22 2582  1 1 1 1 1 0 0 0 0 1 1 1 1 1 0 1 1 1 1 1 1 1 --- 1.573770999908
9249 22 2306  1 1 0 1 1 1 1 1 1 1 0 0 1 1 0 1 0 1 1 1 1 1 --- 1.555878162384
