kubik@shawshank:/tmp/mipaa/batoh_dyn> g++ -Wall -pedantic batoh_dyn_new_repeat.cpp -O3; ./a.out ../in/knap_40.inst.dat 50
9550 40 4068  1 1 1 1 1 1 0 1 1 1 1 1 0 1 1 1 1 0 0 1 1 1 0 1 1 1 0 1 1 0 0 1 1 1 1 1 1 0 0 1 --- 5.741898059845
9551 40 4454  1 1 1 1 1 1 1 1 0 1 1 1 1 0 1 1 1 1 0 0 1 0 1 1 1 0 1 1 1 1 1 1 1 0 0 0 0 0 1 1 --- 5.965028047562
9552 40 5023  1 1 1 1 1 1 0 1 1 1 1 1 1 0 1 0 1 1 0 1 0 1 0 1 1 1 1 1 0 1 0 1 0 1 1 1 0 1 1 1 --- 5.720591783524
9553 40 5386  1 0 1 1 0 1 1 1 1 1 0 1 1 0 1 1 1 1 1 1 0 1 1 1 1 1 1 1 1 1 1 1 1 1 1 0 0 0 1 1 --- 5.748467922211
9554 40 4995  1 1 1 1 1 1 1 1 0 0 1 0 1 0 1 1 1 1 1 1 1 1 1 1 1 1 1 1 1 1 0 0 1 0 0 1 1 1 0 1 --- 6.025613069534
9555 40 3617  1 1 1 0 1 0 1 0 1 0 1 1 1 1 1 1 1 1 1 1 1 1 1 0 1 1 1 1 0 0 1 0 1 1 1 0 1 1 0 1 --- 5.827718019485
9556 40 4569  1 1 0 1 1 1 1 0 1 1 1 1 1 1 0 1 0 1 1 0 0 1 1 0 0 1 0 1 1 0 1 1 1 1 1 1 1 1 1 1 --- 5.907194137573
9557 40 4660  1 0 1 1 1 1 1 1 1 1 0 0 1 0 0 1 0 1 1 1 1 1 1 1 0 0 1 1 0 0 1 1 0 1 1 1 1 1 0 1 --- 5.933285951614
9558 40 4449  0 1 1 1 1 1 1 1 1 1 1 1 1 0 1 0 1 0 1 1 0 1 0 1 1 1 1 1 1 0 0 0 1 1 1 1 1 1 1 0 --- 5.630597829819
9559 40 4069  1 1 1 0 1 1 1 1 0 1 0 1 1 1 1 1 1 1 1 0 1 1 0 1 1 1 0 1 1 1 0 1 1 1 0 1 1 1 0 0 --- 5.757455825806
9560 40 4587  1 1 0 1 1 0 1 1 1 1 1 1 0 1 1 0 1 0 1 1 1 1 1 1 1 1 0 1 1 1 0 0 1 0 1 0 0 0 1 1 --- 5.829530954361
9561 40 4544  1 1 1 0 1 1 0 1 1 1 1 1 1 0 1 0 1 1 1 1 0 1 1 1 1 0 1 1 0 1 0 1 0 1 1 1 1 0 1 1 --- 5.927536964417
9562 40 4245  1 1 1 1 1 1 1 1 1 1 1 0 1 0 1 1 1 1 1 0 1 0 1 1 1 1 1 1 0 0 1 0 1 1 1 0 0 1 1 0 --- 5.760797023773
9563 40 3761  1 1 1 1 1 1 1 1 1 1 0 1 0 0 1 1 1 0 0 1 1 0 1 1 1 1 1 1 1 1 0 1 0 1 1 1 0 0 1 0 --- 5.805052995682
9564 40 4231  1 1 0 0 1 1 1 0 0 1 1 1 0 1 1 1 1 1 1 1 0 0 1 1 1 1 1 1 0 0 1 1 1 0 0 1 1 0 1 1 --- 5.642981052399
9565 40 4656  1 1 1 1 0 1 1 0 1 1 0 1 1 1 1 1 1 1 0 1 1 1 1 1 1 1 0 0 0 1 1 1 1 1 1 1 0 1 1 0 --- 5.650223970413
9566 40 5039  1 1 1 1 1 1 1 0 1 1 1 1 1 1 1 0 1 1 1 1 1 1 0 1 1 1 1 1 0 1 1 1 1 1 0 1 0 0 0 1 --- 5.794693946838
9567 40 599  0 0 0 0 0 0 0 0 0 0 0 0 0 0 0 0 0 0 0 0 0 0 0 0 0 0 0 0 0 0 0 0 0 0 0 0 0 0 0 1 --- 5.371349096298
9568 40 4772  1 1 1 0 1 1 1 1 1 1 1 1 1 1 1 1 0 0 1 1 1 1 1 1 1 1 1 1 1 0 1 1 1 0 0 0 1 0 0 1 --- 5.920761108398
9569 40 4473  1 1 1 0 1 0 1 1 0 0 1 1 1 1 1 0 1 1 1 0 1 0 1 1 1 1 1 1 0 1 1 1 1 1 1 1 1 1 0 1 --- 7.024509191513
9570 40 4479  1 1 1 1 1 1 0 1 1 1 1 1 1 0 1 1 1 0 0 1 1 1 1 1 0 1 1 1 1 1 1 1 1 0 1 0 1 0 0 1 --- 5.677099943161
9571 40 4311  1 1 1 1 1 1 1 0 1 1 0 0 1 1 0 1 1 0 0 0 1 0 1 1 1 0 1 1 1 0 1 1 1 0 1 1 0 1 1 1 --- 5.638885021210
9572 40 4562  1 1 1 1 1 0 1 1 1 1 0 1 0 1 0 1 1 1 1 1 1 1 1 1 1 0 1 1 0 0 0 1 0 0 1 1 1 1 1 1 --- 5.698219060898
9573 40 4738  1 1 1 1 1 1 1 1 1 1 1 1 1 1 1 1 0 1 1 1 1 1 1 0 0 1 1 1 1 0 1 1 0 1 1 0 1 1 0 0 --- 5.834920883179
9574 40 4876  1 1 1 1 1 1 0 0 1 1 1 0 1 0 1 1 1 1 1 1 1 1 1 1 0 1 1 1 1 1 0 1 1 0 0 1 1 0 1 1 --- 5.711261034012
9575 40 5061  1 1 1 1 1 1 1 1 1 1 1 1 1 0 1 1 0 1 1 1 0 1 1 0 1 0 1 1 1 1 0 0 1 1 1 1 1 1 0 0 --- 5.747505903244
9576 40 5063  1 1 0 1 0 1 1 1 1 1 1 1 1 1 0 1 1 1 1 0 1 0 1 0 1 1 1 0 1 0 1 1 1 1 1 1 1 1 0 0 --- 5.760548830032
9577 40 4870  0 0 1 1 1 1 1 1 1 1 0 1 1 1 0 0 1 1 1 1 1 1 0 1 1 1 1 1 0 0 1 1 0 1 1 0 0 1 1 1 --- 5.813469171524
9578 40 5232  0 1 1 1 1 0 1 1 1 1 0 0 1 1 1 1 0 1 1 1 1 1 1 1 1 1 1 1 0 1 0 1 1 1 1 1 1 0 1 0 --- 5.922431945801
9579 40 4567  1 1 1 1 1 1 1 1 1 1 1 0 1 0 0 1 0 1 1 1 0 1 1 1 1 1 1 0 1 1 0 1 1 0 1 0 1 1 0 1 --- 5.707967996597
9580 40 4483  1 1 1 1 1 1 1 1 1 1 1 0 1 1 0 1 1 0 0 0 0 1 1 0 1 1 1 0 1 0 1 1 1 1 0 1 1 1 1 1 --- 5.877775907516
9581 40 4907  1 1 1 1 0 1 1 1 1 1 0 1 1 1 0 1 1 1 1 1 0 1 0 0 1 0 1 1 1 0 1 1 1 0 0 1 1 1 1 1 --- 5.735662937164
9582 40 5088  1 1 1 1 1 1 1 1 1 1 1 1 1 0 1 0 0 1 1 1 1 1 0 1 1 1 1 1 1 1 0 0 0 0 1 1 1 0 1 0 --- 5.644428968430
9583 40 4192  1 0 0 1 1 0 1 1 0 1 1 1 0 1 1 1 0 1 1 0 0 1 1 1 1 0 1 1 1 1 1 1 0 1 0 0 1 1 1 1 --- 5.564944982529
9584 40 5210  1 1 0 1 1 1 1 1 0 1 0 1 1 1 1 1 0 1 0 1 0 1 1 0 1 1 0 1 0 1 0 1 1 1 1 1 1 1 1 0 --- 5.578158140182
9585 40 4667  1 1 1 1 1 1 1 1 1 1 1 1 1 0 0 1 0 1 1 1 1 1 1 0 1 1 1 1 1 1 0 1 0 1 1 0 1 1 0 1 --- 5.777142047882
9586 40 4700  1 0 1 1 1 0 1 1 0 1 1 1 1 1 0 1 1 1 1 1 1 1 1 1 1 1 1 1 1 0 1 1 0 0 1 0 0 1 0 1 --- 5.757312059402
9587 40 5043  1 1 1 0 0 1 1 1 1 1 1 0 1 0 0 1 0 1 1 1 1 1 1 1 0 1 1 1 1 1 1 1 0 1 1 1 1 0 1 1 --- 5.714671850204
9588 40 4805  1 1 1 1 1 1 1 1 1 0 0 0 1 1 1 1 0 1 1 1 1 1 1 1 1 0 1 0 0 1 1 1 1 0 1 1 1 0 0 1 --- 5.711086988449
9589 40 4614  1 1 1 1 1 1 1 1 1 1 1 1 0 1 1 1 1 1 0 0 1 1 1 1 1 0 0 1 1 1 0 1 0 1 1 1 0 0 0 1 --- 5.711016893387
9590 40 5157  0 1 1 1 1 1 1 1 1 1 0 1 0 1 0 1 1 1 1 1 1 1 1 1 0 1 1 0 1 1 1 0 1 1 1 0 0 0 1 1 --- 5.573703050613
9591 40 4522  1 1 0 1 1 0 1 1 1 1 1 1 0 1 1 1 1 0 0 1 1 1 1 0 1 0 1 1 1 0 1 1 1 1 1 1 0 1 1 1 --- 5.748737096786
9592 40 4366  1 1 1 1 0 1 1 1 0 1 1 0 1 0 1 1 1 1 1 1 1 1 1 1 1 1 0 0 1 1 0 1 1 1 0 1 1 1 0 1 --- 5.597851991653
9593 40 4994  1 1 1 1 0 0 1 1 1 1 1 1 1 0 1 1 1 1 1 1 0 0 1 0 0 1 1 0 1 1 0 0 1 1 1 0 0 1 1 1 --- 5.694808959961
9594 40 4215  1 1 1 1 0 1 1 1 0 1 1 1 1 1 1 0 1 1 0 0 1 1 1 1 1 0 0 1 1 1 0 1 0 1 1 1 1 0 0 1 --- 5.794947862625
9595 40 4373  1 1 1 1 1 1 1 1 1 1 1 1 0 1 0 0 1 0 1 0 1 1 1 0 0 1 0 1 1 1 1 1 1 1 1 1 1 1 0 1 --- 5.610974073410
9596 40 4244  1 1 1 1 1 1 1 1 0 1 1 1 1 0 0 0 1 0 1 1 1 1 1 0 1 1 1 0 1 1 1 1 0 1 1 1 0 1 0 1 --- 5.695370197296
9597 40 4864  1 1 1 1 0 1 0 1 1 1 1 1 1 0 1 1 1 1 1 1 1 1 1 1 1 1 1 0 0 0 1 1 1 1 1 1 0 1 1 0 --- 5.619506835938
9598 40 4814  1 1 1 1 1 1 1 1 1 1 1 1 1 1 1 1 1 1 1 1 0 1 0 1 1 0 1 0 1 1 1 0 1 0 1 0 1 0 1 1 --- 5.829566001892
9599 40 3884  1 1 1 1 1 1 1 0 1 1 1 1 1 1 1 1 1 1 1 1 1 1 1 1 1 0 0 0 1 0 0 1 0 1 1 1 1 0 0 0 --- 5.658946990967