2875 9350 2772 0.000072956085205078 85 30 50 0.90 0.0135652174
2875 9350 2828 0.000072002410888672 85 30 60 0.90 0.0135652174
2875 9350 2853 0.000082015991210938 85 30 70 0.90 0.0111304348
2875 9350 2836 0.000092983245849609 85 30 80 0.90 0.0111304348
2875 9350 2836 0.000104904174804688 85 30 90 0.90 0.0093913043
2875 9350 2866 0.000115871429443359 85 30 100 0.90 0.0111304348
3620 9400 3428 0.000060081481933594 85 30 50 0.90 0.0129834254
3620 9400 3478 0.000072002410888672 85 30 60 0.90 0.0104972376
3620 9400 3530 0.000082015991210938 85 30 70 0.90 0.0212707182
3620 9400 3479 0.000093221664428711 85 30 80 0.90 0.0000000000
3620 9400 3567 0.000111103057861328 85 30 90 0.90 0.0044198895
3620 9400 3584 0.000118017196655273 85 30 100 0.90 0.0325966851
4070 9450 3805 0.000060081481933594 85 30 50 0.90 0.0267813268
4070 9450 3844 0.000071048736572266 85 30 60 0.90 0.0039312039
4070 9450 3653 0.000099897384643555 85 30 70 0.90 0.0181818182
4070 9450 3928 0.000091075897216797 85 30 80 0.90 0.0144963145
4070 9450 3928 0.000106096267700195 85 30 90 0.90 0.0000000000
4070 9450 3933 0.000115156173706055 85 30 100 0.90 0.0154791155
4591 9500 4084 0.000060081481933594 85 30 50 0.90 0.0331082553
4591 9500 4495 0.000070095062255859 85 30 60 0.90 0.0137225005
4591 9500 4416 0.000082015991210938 85 30 70 0.90 0.0100196036
4591 9500 4501 0.000093936920166016 85 30 80 0.90 0.0082770638
4591 9500 4519 0.000102996826171875 85 30 90 0.90 0.0261380963
4591 9500 4439 0.000125169754028320 85 30 100 0.90 0.0000000000
4068 9550 3990 0.000059127807617188 85 30 50 0.90 0.0098328417
4068 9550 3883 0.000071048736572266 85 30 60 0.90 0.0285152409
4068 9550 3783 0.000082015991210938 85 30 70 0.90 0.0167158309
4068 9550 3980 0.000094890594482422 85 30 80 0.90 0.0145034415
4068 9550 3944 0.000104904174804688 85 30 90 0.90 0.0169616519
4068 9550 3948 0.000117063522338867 85 30 100 0.90 0.0164700098
