kubik@shawshank:/tmp/mipaa/batoh_bb> g++ -Wall -pedantic batoh.cpp -O3; ./a.out ../in/knap_30.inst.dat 50
9350 30 2875  1 0 1 1 1 1 1 0 0 1 0 1 1 0 1 1 1 1 1 0 1 1 1 1 0 1 1 1 1 1 --- 12.756102085114
9351 30 3327  0 1 1 1 1 1 1 1 0 1 1 0 1 1 0 1 1 0 1 1 1 1 0 1 0 1 0 1 1 0 --- 12.101775884628
9352 30 3463  1 1 1 1 1 1 1 1 1 1 1 1 1 0 1 0 1 1 0 1 1 0 1 0 1 1 1 1 0 0 --- 11.482260942459
9353 30 3987  0 0 1 0 1 1 1 1 1 0 1 1 1 0 1 1 1 1 1 1 1 1 1 0 0 0 1 1 1 1 --- 13.545985937119
9354 30 3771  1 1 1 0 1 1 1 1 1 1 1 1 1 1 0 1 1 1 1 1 1 1 0 1 0 0 1 1 1 0 --- 10.533718109131
9355 30 3968  1 1 1 1 1 1 1 1 0 0 1 0 1 0 0 1 1 0 1 1 1 1 1 1 0 1 1 1 0 1 --- 13.507828950882
9356 30 3757  0 1 1 1 1 1 0 1 1 1 1 1 1 1 1 1 1 1 1 1 0 0 1 1 1 1 1 1 0 0 --- 12.855808973312
9357 30 3659  1 1 0 1 1 1 1 1 1 1 1 1 1 1 1 0 1 1 1 0 1 1 0 0 1 1 0 1 1 0 --- 12.872540950775
9358 30 3773  1 1 1 0 0 1 1 1 1 1 1 1 1 1 1 1 1 1 1 1 1 1 0 0 1 0 0 1 1 1 --- 13.783832073212
9359 30 3786  1 0 0 1 1 1 0 1 1 1 1 1 0 0 1 1 1 0 1 1 0 1 1 1 0 1 1 1 1 1 --- 12.863771200180
9360 30 3206  1 1 1 0 1 1 1 1 1 1 1 1 1 1 1 0 0 0 1 1 1 1 0 1 1 1 0 1 1 0 --- 12.185701847076
9361 30 4039  1 1 1 1 1 0 1 1 1 1 1 1 1 1 0 1 1 1 1 1 1 1 1 1 1 1 0 0 1 0 --- 12.019741058350
9362 30 3059  1 1 1 1 1 1 1 0 1 1 1 1 1 1 1 1 1 1 1 0 0 0 1 1 0 1 1 0 1 0 --- 6.778219938278
9363 30 3255  1 1 1 1 0 1 1 1 1 1 1 1 1 0 1 1 0 1 0 1 1 1 1 1 1 1 1 0 1 0 --- 11.792614936829
9364 30 2965  1 1 1 1 0 1 1 1 1 0 1 0 1 1 0 1 1 0 0 1 0 1 0 1 1 1 1 1 1 1 --- 10.303533792496
9365 30 3447  1 1 1 1 1 1 1 1 1 1 1 1 1 1 0 1 1 1 1 1 0 1 0 0 1 1 0 1 1 0 --- 13.090028047562
9366 30 3456  1 1 0 1 1 1 1 1 1 1 0 0 1 1 1 1 1 1 1 1 0 1 1 1 0 0 1 1 0 1 --- 10.074882030487
9367 30 3478  1 1 1 0 1 0 1 1 1 1 1 1 1 1 1 1 1 0 1 0 1 0 1 1 1 1 1 1 0 1 --- 10.494901895523
9368 30 3272  1 1 1 1 0 1 1 1 0 1 1 1 0 1 0 1 1 0 1 1 1 1 1 1 1 1 1 1 1 0 --- 10.497495174408
9369 30 4382  1 1 1 1 1 1 1 1 0 1 1 1 0 1 1 1 0 1 1 1 0 1 1 0 0 1 1 1 1 0 --- 13.533809185028
9370 30 4013  1 0 1 1 1 1 1 1 0 1 1 1 1 1 0 0 1 1 1 1 1 1 1 1 0 0 1 1 1 1 --- 13.006229877472
9371 30 3738  1 1 0 1 1 1 1 1 1 1 1 1 1 0 1 1 0 1 0 1 0 1 1 0 1 1 1 0 1 1 --- 13.490049123764
9372 30 3860  1 1 1 1 1 1 1 1 1 1 0 0 1 1 1 1 0 1 1 0 0 1 1 1 1 1 1 1 1 1 --- 6.970429897308
9373 30 3399  1 1 0 1 1 1 0 1 1 1 0 1 1 1 1 1 1 1 1 0 0 1 1 0 0 1 0 1 0 1 --- 12.425080060959
9374 30 3302  1 1 1 1 1 1 1 0 1 1 1 1 1 1 1 0 0 1 1 1 1 1 1 1 1 0 0 0 1 1 --- 11.566174983978
9375 30 3394  1 1 1 1 0 0 1 0 0 1 1 1 1 0 1 1 1 1 1 0 0 1 1 1 1 0 0 1 1 1 --- 9.911018848419
9376 30 3745  1 1 1 1 1 0 1 1 1 0 1 1 1 1 0 1 1 1 1 1 1 1 1 0 0 1 0 1 1 1 --- 9.831592798233
9377 30 3624  1 1 1 1 1 1 1 1 1 1 1 0 1 1 1 1 1 0 1 0 1 1 0 1 1 1 1 1 0 0 --- 11.839611053467
9378 30 3605  1 1 0 1 1 0 1 1 1 1 1 1 1 1 1 1 1 1 1 1 1 0 0 0 1 1 1 1 1 1 --- 13.367640018463
9379 30 3399  1 1 0 1 0 1 1 1 1 1 1 1 1 0 1 0 1 0 1 1 1 0 1 0 1 1 1 1 0 1 --- 11.095626115799
9380 30 399  0 0 0 0 0 0 0 0 0 0 0 0 0 0 0 0 0 0 0 0 0 0 0 0 0 0 0 0 0 1 --- 9.830856084824
9381 30 3711  1 1 0 1 1 1 1 1 1 1 0 1 1 1 1 1 1 1 1 0 1 1 0 1 1 1 1 0 0 0 --- 10.389829158783
9382 30 3875  1 1 1 0 1 1 1 1 1 1 1 1 1 1 1 1 0 1 0 0 1 0 1 0 0 1 1 0 1 1 --- 12.203071117401
9383 30 3598  1 1 1 1 1 1 1 1 1 1 1 1 1 1 1 1 1 0 1 0 1 1 1 1 1 0 1 0 1 0 --- 10.561960935593
9384 30 4175  1 1 1 1 0 1 1 1 1 1 1 1 1 1 0 1 1 1 0 1 0 1 1 1 1 0 1 1 1 1 --- 13.167915821075
9385 30 3944  1 0 1 1 1 1 0 1 1 0 1 1 1 1 1 1 1 0 1 1 1 1 1 1 1 0 0 1 0 1 --- 12.318594932556
9386 30 3674  1 0 1 1 1 1 1 1 1 1 1 1 1 1 1 0 1 1 0 1 1 1 1 1 0 1 1 0 1 1 --- 12.106184005737
9387 30 3896  1 0 1 1 1 1 1 1 1 1 1 1 1 1 1 0 1 0 1 1 1 0 1 0 0 1 1 1 1 0 --- 11.947592020035
9388 30 3608  1 1 1 1 1 1 1 1 1 0 1 1 1 0 1 1 1 0 1 0 1 1 1 1 1 1 1 0 1 0 --- 12.856460094452
9389 30 3139  1 0 1 1 1 1 1 1 0 1 1 1 1 1 1 1 1 1 0 1 1 0 1 0 0 1 1 0 0 1 --- 13.311541080475
9390 30 3501  1 1 1 1 1 0 1 1 1 1 1 0 1 1 1 0 0 0 0 1 1 1 0 1 1 1 1 1 1 0 --- 13.267921924591
9391 30 3310  1 1 1 0 1 1 1 1 0 1 1 1 1 1 1 1 0 1 1 1 1 0 1 1 0 1 1 1 0 0 --- 9.883893013000
9392 30 3314  1 1 1 1 0 1 0 1 1 1 1 1 1 1 1 1 1 1 1 0 1 0 0 1 1 1 1 0 1 1 --- 12.253440856934
9393 30 3232  1 0 1 1 1 1 0 1 1 0 1 1 1 1 0 1 1 1 1 1 1 0 0 1 1 0 1 1 1 1 --- 10.883164167404
9394 30 3716  1 0 1 1 1 1 1 1 1 1 0 1 1 1 1 1 1 0 0 1 1 1 1 1 1 1 1 1 1 1 --- 7.040282964706
9395 30 3413  1 1 1 1 1 1 1 0 0 1 1 1 1 0 1 0 0 1 1 0 0 1 1 1 0 1 1 1 1 1 --- 9.764034986496
9396 30 4005  1 0 1 1 0 1 0 1 1 1 1 1 1 1 0 1 0 1 1 1 0 1 1 1 1 1 1 0 1 1 --- 12.236280918121
9397 30 3392  1 1 1 1 1 1 1 1 1 1 1 1 0 1 1 1 0 0 0 1 0 0 1 0 0 1 1 1 1 1 --- 13.171330928802
9398 30 3477  1 1 1 1 1 1 1 1 1 1 1 1 1 1 0 1 1 1 0 0 0 1 1 1 0 0 1 1 0 0 --- 11.962589025497
9399 30 3730  1 0 1 1 1 1 1 0 1 1 0 0 0 1 1 1 1 1 1 1 1 1 1 0 0 1 1 0 1 1 --- 11.480567932129
