kubik@shawshank:/tmp/mipaa/batoh_bb> g++ -Wall -pedantic batoh.cpp -O3; ./a.out ../in/knap_32.inst.dat 50
9400 32 3620  1 1 1 1 1 0 1 1 1 1 1 1 1 1 1 0 1 1 1 1 1 0 0 0 1 1 0 1 1 1 0 1 --- 51.978476047516
9401 32 3919  0 1 1 1 1 1 1 1 1 1 1 1 0 0 0 1 1 1 1 1 1 1 1 1 0 1 1 0 1 1 0 1 --- 41.502801895142
9402 32 3830  1 1 1 1 1 1 1 1 1 1 1 0 1 1 0 0 1 0 0 1 1 0 1 1 0 1 0 1 1 1 1 1 --- 50.887778043747
9403 32 3561  1 1 1 1 1 1 0 1 1 1 1 0 1 1 1 1 1 1 0 1 0 1 1 1 0 1 1 0 1 1 1 0 --- 48.263520002365
9404 32 3627  0 1 1 1 1 1 0 1 1 1 1 1 1 1 1 0 0 1 0 1 1 1 0 1 1 0 1 0 1 0 1 0 --- 48.537813901901
9405 32 449  0 0 0 0 0 0 0 0 0 0 0 0 0 0 0 0 0 0 0 0 0 0 0 0 0 0 0 0 0 0 0 1 --- 42.892318964005
9406 32 3102  1 1 1 1 1 1 1 1 0 1 1 0 1 1 1 1 1 0 1 1 1 1 0 0 0 1 1 1 1 1 1 1 --- 27.417873144150
9407 32 4025  1 1 1 1 1 1 1 1 1 1 1 1 1 1 1 1 1 1 0 1 0 1 1 1 1 1 1 0 0 1 1 0 --- 50.393656969070
9408 32 3797  0 1 1 1 1 1 0 0 0 1 1 1 1 1 1 1 1 1 0 1 1 1 0 1 1 1 1 1 1 0 0 1 --- 54.662825107574
9409 32 3832  1 0 1 1 1 1 1 1 0 1 1 1 1 1 1 0 1 1 1 1 1 1 1 1 1 0 1 0 1 1 0 1 --- 54.647598981857
9410 32 3959  1 1 1 1 1 1 1 1 1 1 1 1 1 1 1 1 1 0 1 1 0 0 1 1 1 0 0 1 0 1 0 1 --- 52.489902019501
9411 32 3469  1 1 1 1 1 1 1 1 1 1 0 1 1 1 1 0 0 1 1 1 0 1 1 0 1 1 1 1 0 0 1 1 --- 48.890684127808
9412 32 3440  1 1 1 1 1 1 1 0 0 0 1 0 1 0 1 1 1 1 0 1 1 1 1 1 1 1 1 1 0 0 1 1 --- 52.035370111465
9413 32 4210  1 1 1 1 1 1 1 1 1 1 1 1 1 1 0 1 1 0 1 1 1 1 1 0 1 1 1 0 0 0 1 1 --- 42.678076028824
9414 32 3709  1 1 1 0 1 1 1 1 1 0 1 0 0 1 1 1 1 1 0 1 1 1 1 1 1 1 0 1 1 0 0 0 --- 39.827221870422
9415 32 4008  1 1 1 1 0 1 1 1 1 1 1 1 1 1 0 1 1 1 1 1 1 1 0 0 1 1 0 1 0 1 1 0 --- 41.750577926636
9416 32 3961  1 1 1 1 1 1 0 1 0 1 1 0 0 1 0 1 1 1 1 1 0 1 1 1 1 1 1 0 1 1 0 0 --- 53.093242883682
9417 32 3389  1 1 1 1 1 1 1 1 0 1 1 0 1 1 1 1 1 1 1 1 1 0 1 1 1 1 0 1 1 0 1 0 --- 41.723864078522
9418 32 3837  1 1 1 1 1 0 1 0 1 0 1 1 1 1 0 0 1 0 1 0 1 1 1 0 0 1 1 1 1 1 1 1 --- 51.093291044235
9419 32 3428  1 1 1 1 1 0 1 1 1 1 1 1 1 1 1 1 1 0 1 1 0 1 0 1 1 1 0 1 0 0 1 1 --- 27.105954885483
9420 32 3681  0 1 1 1 0 1 1 1 1 0 0 1 1 1 1 1 1 1 1 1 1 1 1 1 0 1 1 0 0 1 1 1 --- 53.909337043762
9421 32 3459  1 1 1 1 1 1 1 0 0 1 1 0 1 0 1 1 1 1 1 1 0 1 1 0 1 1 0 1 0 1 1 1 --- 54.333637952805
9422 32 3806  1 1 1 1 1 1 1 1 1 1 0 0 0 0 1 0 1 0 1 1 0 1 1 1 1 1 1 1 0 1 1 0 --- 51.982546091080
9423 32 4196  1 1 1 1 1 1 1 1 1 1 1 1 0 1 1 0 0 0 1 1 1 1 1 1 1 0 0 1 1 1 0 1 --- 53.494472026825
9424 32 3474  1 1 1 1 1 1 1 1 1 0 1 1 1 0 0 1 1 1 0 1 0 1 1 1 0 1 0 0 1 1 0 1 --- 46.106780052185
9425 32 4313  1 0 1 1 1 1 1 1 1 1 1 1 0 1 1 0 1 1 1 1 1 1 1 1 1 1 1 0 1 0 1 0 --- 52.546972036362
9426 32 4090  1 1 1 1 1 1 1 1 0 0 1 0 1 1 0 0 1 0 1 1 1 1 1 1 1 1 1 1 1 1 0 1 --- 45.620887994766
9427 32 3851  1 1 1 1 1 1 1 1 1 1 0 1 1 1 1 1 1 1 1 1 1 0 1 1 1 0 0 1 1 0 1 0 --- 44.762181997299
9428 32 3762  1 1 1 1 1 1 1 1 1 0 1 1 0 1 0 1 1 1 1 1 1 1 1 1 1 1 0 0 1 1 1 0 --- 57.130661964417
9429 32 3581  1 0 1 1 0 1 1 1 1 1 1 1 1 1 1 1 1 1 0 1 1 1 1 1 0 0 1 1 1 0 0 0 --- 53.898063898087
9430 32 3322  1 1 0 1 1 1 1 1 0 1 1 1 1 1 1 1 1 1 0 1 1 1 0 1 1 0 0 1 0 1 0 1 --- 56.093805074692
9431 32 3460  1 1 1 1 0 1 0 1 0 1 1 1 1 1 1 1 1 1 1 0 1 1 1 1 1 1 1 1 1 0 0 0 --- 54.264467000961
9432 32 4030  1 1 1 1 1 1 1 1 0 1 0 1 0 1 1 1 1 1 1 0 0 1 1 1 1 1 0 1 0 1 1 1 --- 45.285265922546
9433 32 3685  1 1 1 1 1 1 0 0 1 1 1 1 1 1 1 0 1 1 1 0 1 1 1 1 1 1 1 1 1 0 1 0 --- 52.162431001663
9434 32 3881  1 1 1 0 0 1 1 1 0 1 1 1 1 1 1 1 1 0 1 1 1 1 0 1 1 1 1 1 0 0 0 1 --- 43.870476007462
9435 32 3243  1 1 0 0 1 1 1 1 1 0 1 1 1 1 1 1 0 0 1 1 1 1 0 1 1 0 1 1 1 1 0 1 --- 56.093573808670
9436 32 4185  1 0 1 1 1 1 0 1 0 1 1 1 1 1 1 1 1 1 1 1 1 1 0 1 0 1 1 1 0 1 1 1 --- 54.860358953476
9437 32 3097  1 0 1 1 1 0 1 1 1 1 1 1 1 1 1 1 0 1 1 1 0 1 0 0 1 0 1 0 0 1 1 1 --- 52.759465932846
9438 32 3492  1 1 1 0 1 1 1 1 0 1 1 1 0 1 1 1 1 1 1 1 1 1 0 0 1 1 1 1 1 1 0 0 --- 54.630157947540
9439 32 2969  1 1 1 1 1 0 0 1 1 1 1 1 1 0 0 1 1 1 1 1 1 0 1 1 1 1 0 0 1 0 1 1 --- 52.039152145386
9440 32 3336  0 1 1 1 1 0 1 1 1 1 1 0 0 1 1 1 1 1 1 1 0 1 1 0 1 1 1 1 1 1 1 0 --- 52.605870008469
9441 32 3890  1 1 1 1 1 1 1 1 1 1 1 1 1 1 1 1 1 1 1 1 1 1 0 0 0 0 1 0 1 1 0 1 --- 50.398317098618
9442 32 3890  1 1 1 1 0 1 1 1 1 1 1 1 1 0 1 1 0 1 0 0 1 1 1 1 1 1 1 1 1 1 1 0 --- 28.430742025375
9443 32 3128  1 1 1 1 1 1 1 0 1 1 1 1 0 1 0 1 1 1 1 0 1 1 1 1 0 1 1 0 1 1 1 0 --- 27.714646100998
9444 32 3666  1 1 1 1 1 0 1 1 0 1 0 1 1 1 1 1 1 1 1 0 1 1 1 0 1 1 1 0 1 0 1 1 --- 53.436492919922
9445 32 3544  1 1 1 0 1 1 1 1 0 1 1 0 0 1 0 1 0 1 1 0 1 1 1 1 1 1 0 1 1 1 1 1 --- 48.143485069275
9446 32 3876  1 1 1 1 1 0 1 1 1 1 0 1 0 1 1 0 1 1 1 1 1 1 0 1 1 0 1 0 1 1 1 1 --- 27.957937955856
9447 32 3467  1 1 1 0 1 1 1 1 1 1 1 1 1 0 0 1 1 1 1 1 1 0 1 1 0 1 1 0 1 1 1 0 --- 41.316037893295
9448 32 4042  1 0 1 1 1 1 1 1 1 1 1 1 1 0 1 1 0 0 0 1 1 1 1 1 1 0 1 1 1 1 1 1 --- 49.141607999802
9449 32 3709  1 1 0 1 1 1 0 1 1 0 1 1 1 1 1 0 1 1 0 1 1 1 1 0 1 1 0 1 1 1 1 0 --- 41.728992938995