kubik@shawshank:/tmp/mipaa/batoh_bb> g++ -Wall -pedantic batoh_repeat2.cpp -O3; ./a.out ../in/knap_15.inst.dat 50
9100 15 2358  1 1 1 1 1 1 1 1 1 0 1 1 0 1 1 --- 2.188210964203
9101 15 1726  1 1 1 1 1 1 1 1 1 0 0 1 1 1 0 --- 2.060572862625
9102 15 2064  1 1 1 1 1 1 0 1 1 1 1 1 1 1 0 --- 2.206886053085
9103 15 1485  0 1 0 1 1 1 1 1 1 1 1 1 1 1 1 --- 3.185316085815
9104 15 1479  1 0 1 1 0 1 1 1 1 0 1 1 1 1 1 --- 2.192214012146
9105 15 1852  1 1 1 1 1 1 1 1 1 1 1 1 1 1 1 --- 2.257198810577
9106 15 1987  1 1 1 1 1 1 1 1 1 1 1 1 1 1 1 --- 2.239073991776
9107 15 1636  1 1 1 1 1 1 1 1 0 1 1 1 1 1 1 --- 3.144035100937
9108 15 1664  1 1 1 1 1 1 1 1 1 1 1 0 1 1 0 --- 2.221601009369
9109 15 1806  1 1 1 1 1 1 1 1 0 1 0 1 1 1 1 --- 2.104302883148
9110 15 2084  1 0 1 1 1 1 1 1 1 1 1 1 1 0 1 --- 2.191193103790
9111 15 1454  1 1 1 1 1 1 1 1 1 1 1 1 1 1 0 --- 3.320919990540
9112 15 1627  1 1 1 1 1 1 1 1 1 1 1 0 1 1 0 --- 2.118402004242
9113 15 2087  0 0 1 1 1 1 1 1 0 1 0 1 1 1 1 --- 3.314997911453
9114 15 1778  1 1 1 1 1 1 1 1 1 1 0 1 1 1 1 --- 2.258401870728
9115 15 1874  1 1 1 1 1 0 1 1 1 1 1 1 1 0 1 --- 2.100432157516
9116 15 1634  1 1 1 1 1 0 1 1 1 1 1 1 0 1 1 --- 2.131954193115
9117 15 1817  1 1 1 1 0 1 1 1 0 1 0 1 1 1 1 --- 2.108777046204
9118 15 1921  1 0 1 1 1 1 1 1 1 0 1 1 1 1 1 --- 3.676205873489
9119 15 1769  1 1 1 1 1 1 1 1 1 1 1 1 1 1 1 --- 2.218262910843
9120 15 1787  1 1 1 1 1 1 1 0 1 1 1 0 0 1 0 --- 1.935337066650
9121 15 2021  1 1 1 1 1 1 1 1 1 1 1 1 0 1 1 --- 2.185444831848
9122 15 1778  1 1 1 1 1 1 1 1 1 1 1 1 1 1 1 --- 2.206908941269
9123 15 1990  1 1 1 1 1 1 1 1 1 1 1 1 1 1 1 --- 2.211049079895
9124 15 1470  1 1 1 1 1 1 1 1 1 1 1 0 1 1 1 --- 2.164577007294
9125 15 2122  1 1 1 1 1 1 1 1 1 1 1 1 1 1 1 --- 2.246923923492
9126 15 199  0 0 0 0 0 0 0 0 0 0 0 0 0 0 1 --- 3.257765054703
9127 15 1201  1 1 1 1 1 1 1 0 1 1 0 1 0 1 1 --- 2.078001022339
9128 15 1915  1 1 1 1 1 1 1 1 1 1 1 1 1 1 1 --- 2.202764987946
9129 15 1833  1 1 1 1 1 1 1 1 1 1 1 1 1 1 1 --- 2.216291904449
9130 15 1274  1 0 1 1 1 1 1 1 0 1 0 1 1 1 1 --- 3.712588787079
9131 15 1984  1 1 1 1 1 1 1 1 1 1 1 1 0 1 1 --- 2.237894058228
9132 15 2238  1 1 1 1 1 1 1 1 1 0 1 1 1 1 0 --- 2.193214893341
9133 15 1948  1 1 1 1 1 1 1 1 1 1 0 1 1 1 1 --- 2.151548862457
9134 15 1609  1 0 1 1 1 1 1 1 0 1 1 1 1 1 1 --- 1.996470928192
9135 15 1763  1 1 1 1 1 1 1 1 1 0 1 1 1 1 1 --- 2.126209974289
9136 15 2017  1 1 1 1 1 1 0 1 1 1 1 1 1 1 1 --- 2.099366903305
9137 15 1846  1 1 1 1 1 1 1 1 1 1 1 1 1 0 1 --- 2.143234014511
9138 15 2011  1 1 1 1 1 1 1 1 1 1 0 1 1 1 1 --- 2.323492050171
9139 15 1821  1 1 0 1 1 1 1 1 1 1 1 0 0 1 1 --- 2.136976957321
9140 15 2167  1 1 1 1 0 1 1 1 1 1 1 1 1 0 1 --- 2.117771863937
9141 15 1860  1 1 1 0 1 1 1 1 1 1 1 1 1 1 1 --- 2.164724111557
9142 15 1439  0 1 1 1 1 1 1 0 1 1 1 1 1 1 1 --- 3.477106094360
9143 15 1641  1 1 1 1 1 1 0 0 1 1 1 1 1 0 1 --- 2.042241096497
9144 15 1776  1 1 1 1 1 1 1 1 1 1 1 0 1 1 1 --- 2.289514780045
9145 15 1995  1 1 1 1 1 1 1 1 1 1 1 1 1 1 0 --- 2.172312021255
9146 15 2008  1 1 1 1 1 1 0 1 1 1 1 1 1 1 1 --- 2.267094850540
9147 15 1381  1 1 1 1 1 1 1 0 1 1 1 1 1 0 1 --- 2.123391151428
9148 15 1771  1 1 1 1 1 1 0 1 1 1 1 1 1 1 1 --- 2.159018993378
9149 15 1873  1 1 1 1 1 1 1 1 1 1 1 1 1 1 1 --- 2.233923912048