9450 35 4070  1 1 1 0 1 1 1 1 0 1 1 1 0 1 1 1 0 0 1 1 1 1 1 0 1 1 0 0 1 0 1 1 1 0 1 --- 359.957218170166 --- hm: 498 cena: 4063 --- 0.000008821487
9451 35 4077  1 1 1 1 1 1 1 1 1 0 1 1 1 1 1 1 1 1 0 1 1 0 1 1 1 1 0 0 1 1 0 1 0 1 0 --- 358.913941860199 --- hm: 491 cena: 4065 --- 0.000005006790
9452 35 4305  1 1 1 1 1 1 0 1 1 1 1 1 1 1 1 0 1 0 1 1 0 0 1 1 1 1 0 1 0 1 0 1 1 0 1 --- 353.757751941681 --- hm: 498 cena: 4305 --- 0.000005006790
9453 35 4159  1 0 1 1 1 1 1 0 1 1 1 1 1 1 1 1 0 1 1 1 0 1 0 1 1 1 1 0 0 0 1 1 1 1 0 --- 362.737268924713 --- hm: 494 cena: 4123 --- 0.000004053116
9454 35 4104  1 1 1 1 1 0 1 1 1 0 0 1 1 1 1 1 1 1 0 0 1 1 0 1 1 1 1 1 0 1 1 1 0 0 1 --- 358.884374856949 --- hm: 498 cena: 4096 --- 0.000005006790
9455 35 3662  1 0 1 1 0 1 1 1 1 1 1 1 1 1 1 1 0 1 1 1 1 1 1 1 0 1 1 1 0 0 0 1 1 1 1 --- 360.393095970154 --- hm: 497 cena: 3658 --- 0.000005006790
9456 35 4257  0 1 1 1 1 0 1 1 1 1 1 1 1 1 1 1 1 1 1 0 1 0 1 1 0 1 1 1 0 1 0 1 1 1 1 --- 359.778362035751 --- hm: 494 cena: 4229 --- 0.000005006790
9457 35 3745  1 1 0 1 0 1 0 1 1 1 1 0 1 1 1 0 0 1 1 1 1 1 1 1 0 1 1 0 1 1 1 0 0 1 1 --- 358.128878116608 --- hm: 499 cena: 3738 --- 0.000003814697
9458 35 3660  1 1 0 1 1 1 1 1 1 1 1 1 1 0 1 0 0 0 1 1 0 0 1 1 0 1 1 1 1 1 1 1 1 1 1 --- 356.843462944031 --- hm: 499 cena: 3660 --- 0.000004053116
9459 35 3844  1 1 1 1 1 1 1 1 1 1 1 1 1 1 0 1 1 1 1 0 1 1 1 0 1 1 0 1 0 1 1 1 0 1 1 --- 366.145626783371 --- hm: 486 cena: 3839 --- 0.000005960464
9460 35 3583  1 1 0 0 1 1 1 1 0 0 0 1 1 0 1 1 1 1 1 0 0 1 1 1 1 1 1 1 0 1 1 1 1 1 1 --- 361.345238924026 --- hm: 490 cena: 3570 --- 0.000005006790
9461 35 3929  1 1 1 1 1 1 1 1 1 1 1 1 0 1 1 0 1 1 1 0 1 1 0 1 1 1 1 1 1 1 1 1 0 1 0 --- 359.696334838867 --- hm: 488 cena: 3929 --- 0.000004053116
9462 35 3917  1 1 1 1 1 1 1 0 1 1 0 1 1 0 1 1 1 1 1 0 1 1 1 1 1 0 0 1 0 0 0 1 1 1 1 --- 360.134220123291 --- hm: 490 cena: 3917 --- 0.000005006790
9463 35 499  0 0 0 0 0 0 0 0 0 0 0 0 0 0 0 0 0 0 0 0 0 0 0 0 0 0 0 0 0 0 0 0 0 0 1 --- 362.333647966385 --- hm: 476 cena: 476 --- 0.000004053116
9464 35 3530  1 1 1 0 0 1 1 1 1 0 1 1 1 0 1 1 1 0 0 1 1 0 1 0 1 1 1 0 1 1 1 0 1 1 1 --- 355.205569982529 --- hm: 496 cena: 3506 --- 0.000005960464
9465 35 3425  1 1 1 1 1 1 1 1 1 1 1 0 1 1 1 1 0 0 0 1 1 0 0 0 1 1 1 1 1 1 0 0 1 1 0 --- 356.306088924408 --- hm: 487 cena: 3414 --- 0.000005006790
9466 35 3744  1 1 1 1 0 1 1 1 1 0 1 1 1 1 1 1 1 1 1 1 0 1 1 1 0 1 1 1 1 0 0 1 0 1 1 --- 360.572571039200 --- hm: 498 cena: 3744 --- 0.000005006790
9467 35 4990  0 1 1 1 1 1 1 1 0 0 1 1 1 1 1 1 1 1 1 1 1 1 0 1 1 1 1 0 1 0 1 1 1 1 0 --- 360.971893072128 --- hm: 495 cena: 4956 --- 0.000005006790
9468 35 3797  1 0 1 1 1 1 1 1 0 1 1 1 1 0 0 1 1 1 1 1 0 1 1 1 1 1 0 1 1 1 1 0 1 1 1 --- 361.915956974030 --- hm: 469 cena: 3728 --- 0.000005006790
9469 35 4334  1 1 1 1 0 1 1 1 1 1 0 1 1 1 1 1 1 1 1 1 0 1 1 1 1 1 1 0 1 1 1 1 1 0 0 --- 366.861768007278 --- hm: 496 cena: 4334 --- 0.000005006790
9470 35 4001  0 1 1 1 1 1 1 0 1 0 1 1 1 1 0 1 1 0 1 1 1 0 1 1 1 1 1 1 1 1 0 1 1 1 1 --- 357.467468023300 --- hm: 497 cena: 4001 --- 0.000005006790
9471 35 4328  1 1 1 0 1 1 0 1 1 1 1 1 1 1 1 1 1 1 0 1 0 1 1 1 1 1 0 0 1 1 1 1 0 0 1 --- 360.088574886322 --- hm: 496 cena: 4328 --- 0.000005006790
9472 35 4676  1 1 0 1 1 1 1 1 1 1 1 1 1 1 1 0 1 0 0 1 1 1 1 1 1 1 0 0 1 0 1 0 1 1 1 --- 357.243798971176 --- hm: 497 cena: 4676 --- 0.000005006790
9473 35 4150  1 1 1 1 1 1 0 1 1 1 0 1 0 1 1 1 1 1 0 0 1 1 1 1 1 1 1 1 0 0 1 1 1 1 1 --- 363.033709049225 --- hm: 485 cena: 4101 --- 0.000005006790
9474 35 4363  1 1 1 1 1 1 1 1 0 1 1 1 1 1 1 1 1 1 1 1 0 1 0 1 1 1 1 1 1 0 1 0 0 1 0 --- 360.653995037079 --- hm: 497 cena: 4363 --- 0.000005006790
9475 35 3921  1 1 1 1 1 1 1 1 1 1 1 1 0 1 0 1 1 1 0 1 1 1 1 0 1 1 1 1 1 0 1 0 0 1 0 --- 357.026295900345 --- hm: 497 cena: 3921 --- 0.000005960464
9476 35 4199  0 1 1 0 1 0 1 1 0 1 1 1 1 1 1 1 1 1 1 1 0 1 1 0 1 0 1 0 0 0 1 1 1 1 1 --- 358.889483928680 --- hm: 481 cena: 4140 --- 0.000004053116
9477 35 3523  1 0 1 1 0 0 1 1 1 0 0 1 1 1 1 0 0 1 0 1 0 0 1 0 1 1 1 1 0 1 1 1 1 1 1 --- 358.006668806076 --- hm: 497 cena: 3514 --- 0.000004053116
9478 35 4515  1 1 1 1 1 1 1 1 0 1 1 1 0 0 1 1 1 0 1 1 1 1 0 1 1 1 1 0 0 1 0 1 0 0 1 --- 359.089620113373 --- hm: 497 cena: 4515 --- 0.000003814697
9479 35 3423  1 1 1 1 1 1 1 1 1 1 1 0 1 1 1 1 1 1 0 1 1 1 1 0 0 0 1 1 1 0 1 0 1 1 0 --- 365.582836151123 --- hm: 497 cena: 3422 --- 0.000003814697
9480 35 3610  0 1 1 1 1 1 1 1 1 1 1 1 0 0 1 0 1 1 0 1 0 1 1 0 1 0 1 0 1 1 1 1 0 0 0 --- 358.382524013519 --- hm: 498 cena: 3594 --- 0.000004053116
9481 35 4654  1 1 1 1 1 0 0 1 0 1 0 1 1 1 1 1 1 1 1 1 1 1 1 0 1 1 1 1 1 0 1 1 1 0 0 --- 357.025695800781 --- hm: 489 cena: 4651 --- 0.000005006790
9482 35 3706  1 1 0 1 1 1 1 1 1 1 1 1 1 1 1 0 1 0 1 1 1 1 1 1 1 1 1 0 1 0 1 1 0 0 1 --- 358.862663030624 --- hm: 476 cena: 3687 --- 0.000005006790
9483 35 3675  1 1 1 1 0 1 1 1 1 1 1 1 0 1 1 1 1 1 1 1 1 0 1 1 1 0 1 0 1 0 1 1 1 0 1 --- 360.051573038101 --- hm: 497 cena: 3675 --- 0.000005006790
9484 35 4516  1 1 1 1 1 1 1 0 1 1 1 1 1 1 1 0 0 1 1 1 0 1 0 0 1 1 1 1 1 1 1 1 1 0 1 --- 359.822734832764 --- hm: 495 cena: 4485 --- 0.000005006790
9485 35 4677  0 0 1 1 1 1 1 0 1 1 1 1 1 1 1 0 1 1 1 1 1 0 1 1 1 1 1 0 0 1 0 1 1 1 1 --- 357.554976940155 --- hm: 491 cena: 4677 --- 0.000005006790
9486 35 3871  1 1 1 1 1 1 1 1 1 1 0 0 0 0 1 1 1 1 0 0 1 1 1 1 0 1 0 1 1 1 1 0 1 1 1 --- 356.806128978729 --- hm: 499 cena: 3871 --- 0.000005006790
9487 35 4278  1 0 1 1 1 1 1 1 0 1 1 1 0 1 1 1 1 1 0 1 1 0 0 1 0 0 1 1 0 1 1 1 1 1 1 --- 354.852220058441 --- hm: 496 cena: 4269 --- 0.000005006790
9488 35 3881  1 1 1 1 1 1 1 1 1 0 1 1 1 0 1 1 1 1 1 0 1 0 0 1 0 1 1 1 1 1 1 0 1 1 0 --- 361.104840040207 --- hm: 496 cena: 3881 --- 0.000004053116
9489 35 4546  1 1 1 1 0 1 1 1 1 1 1 1 0 1 1 1 1 0 1 0 1 1 1 0 1 1 1 1 0 0 1 1 1 0 1 --- 364.663006067276 --- hm: 497 cena: 4546 --- 0.000005006790
9490 35 3653  1 0 1 1 1 1 1 1 1 1 0 1 1 1 1 1 1 1 0 0 1 1 0 0 0 1 0 1 1 1 0 1 1 1 1 --- 357.891146183014 --- hm: 496 cena: 3619 --- 0.000005006790
9491 35 3394  1 1 1 1 1 1 1 1 1 1 1 0 0 1 1 1 0 1 1 0 1 1 1 0 1 0 1 1 1 1 1 0 0 1 0 --- 358.150910139084 --- hm: 499 cena: 3379 --- 0.000005006790
9492 35 4535  1 1 1 1 1 0 1 1 1 1 1 1 0 1 1 1 1 0 1 1 0 0 0 0 1 0 1 1 1 0 1 1 1 1 1 --- 361.641577005386 --- hm: 495 cena: 4534 --- 0.000005006790
9493 35 4585  1 1 1 1 1 0 0 1 1 1 1 1 0 1 1 1 1 0 1 1 1 0 1 1 1 1 1 1 1 0 1 1 1 0 1 --- 360.015009164810 --- hm: 486 cena: 4562 --- 0.000005006790
9494 35 4539  1 1 1 1 1 1 1 1 1 1 0 1 1 1 1 1 1 1 1 1 1 0 0 0 1 1 1 0 0 0 1 0 1 1 1 --- 359.978018999100 --- hm: 499 cena: 4539 --- 0.000004053116
9495 35 4023  1 1 1 1 0 1 0 1 1 1 1 1 0 1 1 1 1 1 1 1 1 1 1 1 1 1 1 1 0 0 0 1 0 1 1 --- 360.706191062927 --- hm: 491 cena: 4020 --- 0.000003814697
9496 35 4411  1 1 1 1 1 1 1 0 1 1 1 0 1 1 1 1 1 1 1 1 0 1 1 0 1 1 1 1 1 1 0 0 1 0 1 --- 357.271138906479 --- hm: 492 cena: 4411 --- 0.000002861023
9497 35 4400  1 1 1 1 1 0 1 1 1 1 1 1 0 1 1 1 0 1 1 1 1 1 1 1 1 1 1 1 1 1 0 0 1 0 0 --- 361.092427015305 --- hm: 497 cena: 4400 --- 0.000005006790
9498 35 3389  1 1 1 1 1 0 1 0 1 0 0 1 0 1 1 1 1 1 0 1 0 1 0 0 1 0 0 1 1 1 1 0 1 1 1 --- 362.755338191986 --- hm: 498 cena: 3384 --- 0.000004053116
9499 35 4782  1 1 1 1 1 1 1 1 0 1 1 1 1 0 1 1 1 1 1 1 0 0 1 0 1 1 1 1 1 0 1 0 1 1 0 --- 360.220621109009 --- hm: 498 cena: 4782 --- 0.000004768372
