9350 30 2875  1 0 1 1 1 1 1 0 0 1 0 1 1 0 1 1 1 1 1 0 1 1 1 1 0 1 1 1 1 1 --- 11.493668079376 1073741823.000000
9351 30 3327  0 1 1 1 1 1 1 1 0 1 1 0 1 1 0 1 1 0 1 1 1 1 0 1 0 1 0 1 1 0 --- 11.517652034760 2147483646.000000
9352 30 3463  1 1 1 1 1 1 1 1 1 1 1 1 1 0 1 0 1 1 0 1 1 0 1 0 1 1 1 1 0 0 --- 11.354951858521 3221225469.000000
9353 30 3987  0 0 1 0 1 1 1 1 1 0 1 1 1 0 1 1 1 1 1 1 1 1 1 0 0 0 1 1 1 1 --- 11.432315826416 4294967292.000000
9354 30 3771  1 1 1 0 1 1 1 1 1 1 1 1 1 1 0 1 1 1 1 1 1 1 0 1 0 0 1 1 1 0 --- 11.479784965515 5368709115.000000
9355 30 3968  1 1 1 1 1 1 1 1 0 0 1 0 1 0 0 1 1 0 1 1 1 1 1 1 0 1 1 1 0 1 --- 11.557482004166 6442450938.000000
9356 30 3757  0 1 1 1 1 1 0 1 1 1 1 1 1 1 1 1 1 1 1 1 0 0 1 1 1 1 1 1 0 0 --- 11.223454952240 7516192761.000000
9357 30 3659  1 1 0 1 1 1 1 1 1 1 1 1 1 1 1 0 1 1 1 0 1 1 0 0 1 1 0 1 1 0 --- 11.365718126297 8589934584.000000
9358 30 3773  1 1 1 0 0 1 1 1 1 1 1 1 1 1 1 1 1 1 1 1 1 1 0 0 1 0 0 1 1 1 --- 11.478622913361 9663676407.000000
9359 30 3786  1 0 0 1 1 1 0 1 1 1 1 1 0 0 1 1 1 0 1 1 0 1 1 1 0 1 1 1 1 1 --- 11.416177988052 10737418230.000000
