kubik@shawshank:/tmp/mipaa/batoh_bb> g++ -Wall -pedantic batoh.cpp -O3; ./a.out ../in/knap_25.inst.dat 50
9250 25 2427  1 1 1 1 1 1 1 1 0 1 0 1 1 1 0 1 0 1 0 1 1 1 0 1 0 --- 0.341248989105
9251 25 2846  1 0 1 1 1 1 1 0 1 1 1 0 0 1 1 0 0 1 1 1 1 1 1 1 1 --- 0.361701965332
9252 25 2538  1 1 0 1 1 1 1 0 1 0 1 1 1 1 0 1 1 1 1 1 0 1 1 0 1 --- 0.404149055481
9253 25 3370  1 1 1 1 1 1 1 1 1 1 1 0 1 1 1 1 1 1 0 0 1 1 1 1 0 --- 0.370468139648
9254 25 2884  1 1 1 1 1 1 1 0 0 1 1 1 1 1 1 0 0 1 1 1 0 1 0 1 1 --- 0.294063806534
9255 25 2595  1 1 1 1 1 1 1 1 1 1 1 0 1 1 1 1 0 0 0 1 0 1 1 1 1 --- 0.376567125320
9256 25 3048  1 1 1 0 1 1 1 1 1 1 1 1 1 0 0 1 1 0 1 1 1 0 1 0 1 --- 0.326502084732
9257 25 2717  0 1 0 1 1 1 1 1 1 1 1 1 0 1 1 1 1 0 1 1 1 0 0 0 1 --- 0.349160909653
9258 25 3290  1 1 1 1 1 1 1 1 0 1 0 1 1 1 1 1 1 0 0 1 1 1 0 1 1 --- 0.366095066071
9259 25 2581  1 0 0 1 0 1 1 1 0 1 1 1 1 1 1 1 0 1 1 1 1 1 1 1 1 --- 0.417613029480
9260 25 2766  1 1 0 1 1 1 1 0 1 0 1 1 1 0 1 0 1 1 1 1 0 1 1 0 1 --- 0.297632932663
9261 25 2897  1 1 1 1 1 1 1 1 0 0 0 0 1 1 1 1 1 0 0 1 1 1 1 0 1 --- 0.327507019043
9262 25 2597  0 1 0 1 1 1 1 0 0 1 1 1 1 0 1 0 1 1 1 0 1 1 1 1 1 --- 0.261367797852
9263 25 2564  1 0 1 1 1 1 1 1 1 1 1 1 1 1 0 0 1 1 1 0 0 0 1 0 1 --- 0.337552070618
9264 25 3075  1 1 1 1 1 1 1 1 1 0 1 1 1 1 1 0 0 1 0 1 1 1 0 0 1 --- 0.328531026840
9265 25 2666  0 1 1 0 1 1 1 1 1 1 0 1 0 1 1 1 0 1 1 1 1 1 0 0 1 --- 0.249791860580
9266 25 3029  0 1 1 1 1 1 0 1 1 1 0 1 1 1 1 1 0 1 0 1 1 1 1 1 1 --- 0.316057920456
9267 25 3341  1 1 0 1 1 1 1 1 1 0 1 0 1 0 1 1 0 1 1 1 1 0 0 1 1 --- 0.405838012695
9268 25 3062  1 1 0 1 1 0 1 1 1 0 1 1 1 0 1 1 0 1 1 1 1 0 0 1 1 --- 0.359274864197
9269 25 3060  1 1 1 0 1 1 1 1 0 1 0 1 0 1 1 1 0 0 1 1 1 1 1 1 0 --- 0.389892101288
9270 25 3307  1 1 0 1 1 1 1 1 0 1 1 1 1 0 1 1 0 1 1 1 0 0 0 1 1 --- 0.328671932220
9271 25 2758  1 1 1 1 1 0 1 0 0 1 1 1 1 1 1 0 0 1 1 1 1 0 1 1 1 --- 0.350862979889
9272 25 2710  1 1 1 1 1 1 0 1 0 0 1 1 1 1 0 1 1 1 1 1 1 1 0 1 0 --- 0.386452913284
9273 25 2934  0 1 1 1 0 1 1 1 1 1 1 1 0 1 1 0 0 0 1 0 1 1 1 1 1 --- 0.403487920761
9274 25 3239  1 1 1 1 1 1 1 1 1 1 0 1 1 1 1 1 1 0 1 0 1 0 0 1 1 --- 0.317927837372
9275 25 3283  1 0 1 1 1 1 1 1 1 1 0 1 1 1 1 1 0 1 1 1 1 1 1 0 1 --- 0.221795082092
9276 25 2937  1 1 1 1 1 1 1 1 0 1 1 1 1 0 0 1 1 1 0 1 1 0 0 0 1 --- 0.182573080063
9277 25 3582  1 0 1 1 1 1 0 0 1 0 1 0 1 1 1 1 1 1 1 1 0 1 1 1 1 --- 0.376772880554
9278 25 3442  1 0 1 1 1 1 1 0 1 1 0 1 1 1 1 1 1 1 1 1 0 0 0 0 1 --- 0.391997098923
9279 25 2733  1 1 1 0 1 1 1 0 1 1 0 0 0 1 1 0 1 1 1 1 1 1 1 0 1 --- 0.313663005829
9280 25 2655  1 1 1 1 1 0 1 1 1 1 0 1 0 1 0 1 0 1 1 0 0 1 1 0 1 --- 0.319053173065
9281 25 3058  1 1 1 1 1 1 1 1 0 1 0 1 1 1 1 1 0 1 1 1 0 1 1 1 1 --- 0.208660125732
9282 25 2694  1 1 1 1 1 1 1 0 1 1 0 1 1 1 1 1 1 0 1 0 1 0 1 1 1 --- 0.331187009811
9283 25 299  0 0 0 0 0 0 0 0 0 0 0 0 0 0 0 0 0 0 0 0 0 0 0 0 1 --- 0.310906887054
9284 25 2953  1 1 0 1 1 1 1 1 1 1 0 1 1 0 1 0 1 1 1 0 0 1 0 1 1 --- 0.344532966614
9285 25 3071  1 1 0 0 1 1 1 1 0 1 1 0 0 1 1 1 0 1 1 1 1 1 1 1 1 --- 0.423945188522
9286 25 3024  1 1 1 1 1 0 0 1 0 1 1 1 1 1 0 1 1 1 0 1 1 0 1 1 1 --- 0.332972049713
9287 25 3088  1 1 0 0 1 1 1 1 0 0 1 1 1 1 1 1 1 1 1 1 1 0 1 1 1 --- 0.378474950790
9288 25 2971  1 1 1 1 0 1 1 0 1 1 1 1 1 1 1 1 1 1 1 1 0 0 0 1 1 --- 0.409245014191
9289 25 2543  1 0 1 0 1 1 1 1 0 1 0 1 0 1 1 1 1 1 0 1 0 0 1 1 1 --- 0.353214025497
9290 25 2791  1 1 1 1 0 1 1 1 1 1 1 1 1 1 1 1 0 1 0 0 1 1 0 1 0 --- 0.365381956100
9291 25 3039  1 1 1 1 1 1 0 1 1 1 1 0 1 0 0 1 1 1 1 1 1 1 1 1 1 --- 0.322007894516
9292 25 2956  1 1 1 1 1 0 1 1 1 1 1 1 1 1 1 1 0 1 1 1 0 1 1 0 0 --- 0.334611892700
9293 25 3210  1 1 1 1 1 0 0 0 1 1 0 1 1 1 0 1 1 1 1 1 1 1 1 1 1 --- 0.297498941422
9294 25 2746  1 1 1 1 1 1 1 1 1 1 1 0 1 0 1 1 1 0 1 1 0 1 0 0 1 --- 0.341092109680
9295 25 3170  1 1 1 1 1 1 1 1 1 0 1 1 0 1 1 1 1 0 1 1 1 0 1 0 1 --- 0.317068099976
9296 25 3297  1 0 1 1 0 1 1 1 1 1 1 1 1 0 0 0 1 1 1 1 1 1 1 1 1 --- 0.367521047592
9297 25 3135  1 1 1 1 1 1 1 0 1 1 1 1 1 1 1 1 1 1 0 1 0 0 0 1 1 --- 0.228873014450
9298 25 3011  1 0 1 1 1 1 1 1 1 0 0 1 1 1 1 1 1 1 1 0 1 1 1 1 0 --- 0.339656114578
9299 25 2901  1 1 1 0 1 1 1 1 1 1 1 1 1 1 0 1 0 1 1 1 1 0 0 0 1 --- 0.310092926025
