kubik@shawshank:/tmp/mipaa/batoh_bb> g++ -Wall -pedantic batoh.cpp -O3; ./a.out ../in/knap_22.inst.dat 50
9200 22 2625  1 0 1 1 1 1 1 1 1 1 1 0 1 1 1 1 0 0 1 1 1 1 --- 0.046829938889
9201 22 2215  1 1 1 0 0 1 1 1 1 0 1 1 1 1 0 1 1 0 1 1 1 1 --- 0.039721965790
9202 22 2479  0 1 1 1 0 1 1 1 1 1 1 1 0 1 1 1 0 0 1 1 1 1 --- 0.044867992401
9203 22 2474  1 1 1 1 1 1 1 0 1 1 1 1 0 1 1 0 0 1 1 1 1 1 --- 0.043555021286
9204 22 2877  1 0 0 1 1 1 1 1 1 1 1 1 0 1 0 1 1 1 1 1 1 0 --- 0.031001091003
9205 22 2581  1 1 0 1 1 1 1 0 0 1 1 1 0 0 1 0 1 1 1 1 1 1 --- 0.042576074600
9206 22 2401  0 1 1 1 1 0 1 1 1 1 1 1 1 0 1 1 1 0 0 1 1 0 --- 0.049662113190
9207 22 2647  0 1 0 1 1 1 1 1 1 1 1 1 0 1 1 0 0 1 1 1 0 1 --- 0.046060800552
9208 22 2425  1 1 0 1 1 1 1 1 0 0 1 1 1 0 1 0 1 1 1 1 0 1 --- 0.038326025009
9209 22 2265  1 1 1 1 1 1 1 1 1 1 1 0 1 0 0 1 1 0 1 1 0 1 --- 0.040158987045
9210 22 2576  1 1 1 1 0 1 1 1 1 1 0 1 1 1 1 1 1 1 1 1 0 0 --- 0.040131092072
9211 22 2525  0 0 1 1 1 1 1 1 0 1 1 1 0 1 1 1 1 0 1 1 0 0 --- 0.051500082016
9212 22 2561  1 1 1 0 1 1 1 1 0 1 1 1 1 0 0 1 0 1 1 1 0 1 --- 0.051623106003
9213 22 2677  1 1 1 1 0 1 1 1 1 1 1 1 1 0 1 1 0 0 0 0 1 1 --- 0.042854785919
9214 22 2442  1 1 1 1 1 0 1 1 0 1 1 1 1 1 1 0 1 1 0 1 1 0 --- 0.045168876648
9215 22 2646  1 1 1 0 1 1 1 1 0 1 1 0 0 1 1 1 0 1 1 1 0 1 --- 0.021764039993
9216 22 1868  1 1 1 1 1 1 1 1 1 1 1 0 0 1 1 1 1 0 0 1 1 1 --- 0.049475908279
9217 22 2505  1 1 0 1 1 1 1 0 1 0 1 0 1 1 1 1 0 1 1 1 0 1 --- 0.039758205414
9218 22 2244  1 1 1 1 1 1 1 0 1 1 1 1 1 0 1 1 1 1 0 1 1 1 --- 0.043908834457
9219 22 2345  0 1 0 1 1 1 1 1 0 0 1 0 1 1 1 1 1 1 1 1 1 1 --- 0.041749000549
9220 22 2651  1 1 0 1 1 1 1 1 0 1 0 1 1 1 1 0 0 1 1 1 1 1 --- 0.048080205917
9221 22 3032  1 1 1 1 1 1 1 1 1 0 1 1 0 0 1 1 1 1 1 0 1 1 --- 0.040832996368
9222 22 2393  1 0 1 1 1 1 1 1 1 1 1 0 0 0 1 1 0 1 1 0 1 1 --- 0.047883033752
9223 22 2811  1 1 1 1 1 1 1 1 1 0 1 1 1 1 0 1 1 0 1 0 1 1 --- 0.041491985321
9224 22 2315  1 0 0 1 1 1 0 1 1 0 1 1 0 0 1 1 1 1 1 1 1 1 --- 0.044551849365
9225 22 2564  1 0 1 1 1 1 0 1 1 0 1 0 1 1 1 1 1 1 0 1 0 1 --- 0.047531843185
9226 22 2250  1 1 0 1 1 1 1 0 0 1 1 1 1 0 0 1 1 1 1 1 0 0 --- 0.027619838715
9227 22 2453  1 1 1 0 1 1 0 1 1 1 1 1 1 1 1 1 1 0 0 0 1 1 --- 0.040055990219
9228 22 2520  1 1 1 1 1 1 1 1 1 1 0 1 1 1 1 0 1 1 1 1 1 0 --- 0.043190956116
9229 22 2157  1 1 1 1 1 1 0 1 1 0 0 1 0 1 0 1 0 0 1 0 1 0 --- 0.031651020050
9230 22 2633  1 0 1 0 1 1 1 1 1 1 0 1 1 0 0 1 1 1 1 1 0 1 --- 0.050462961197
9231 22 2260  1 1 1 1 1 0 1 1 0 1 0 1 1 0 1 0 0 1 1 1 0 1 --- 0.040329933167
9232 22 2318  1 0 1 1 1 1 1 1 1 1 1 1 0 1 0 1 0 0 1 1 1 1 --- 0.047488927841
9233 22 2405  1 1 0 0 1 1 1 1 1 1 1 0 1 0 1 1 1 0 1 1 1 1 --- 0.045655012131
9234 22 2626  1 0 1 1 1 0 0 1 0 1 1 1 1 0 1 1 1 1 1 1 0 1 --- 0.042464017868
9235 22 2827  1 0 1 1 1 1 0 1 1 1 1 1 1 1 0 1 0 0 1 1 0 1 --- 0.040868997574
9236 22 2358  1 0 1 1 0 1 0 1 1 1 1 1 0 1 1 1 1 0 1 0 1 1 --- 0.053139925003
9237 22 249  0 0 0 0 0 0 0 0 0 0 0 0 0 0 0 0 0 0 0 0 0 1 --- 0.041620016098
9238 22 2920  1 1 0 1 1 1 1 1 1 1 1 1 1 0 0 1 1 0 0 0 1 1 --- 0.031947135925
9239 22 2476  1 1 1 1 1 1 0 0 0 1 1 0 1 1 0 1 1 1 1 1 1 1 --- 0.044610023499
9240 22 2069  1 0 1 1 1 1 1 0 0 1 1 1 0 1 1 1 0 1 1 1 1 1 --- 0.046928167343
9241 22 2486  1 0 1 1 1 1 1 1 1 1 1 1 0 1 1 1 1 1 1 0 1 0 --- 0.021905183792
9242 22 2673  1 1 0 1 1 1 0 1 0 1 1 1 1 1 1 1 0 1 0 1 1 1 --- 0.040431022644
9243 22 2570  0 1 1 1 1 0 1 0 1 1 0 1 1 1 0 1 1 1 1 1 0 1 --- 0.046118021011
9244 22 2956  1 0 1 1 1 1 1 1 1 1 0 1 1 1 1 1 0 1 1 1 1 1 --- 0.028206110001
9245 22 2082  1 1 1 0 1 1 1 1 0 0 1 1 1 1 0 0 1 0 1 1 1 1 --- 0.036514997482
9246 22 2915  0 1 0 1 0 1 0 1 1 1 1 1 1 1 0 1 1 0 1 1 1 1 --- 0.042318105698
9247 22 2555  1 1 1 1 1 1 1 1 0 0 0 1 0 0 1 1 1 1 1 1 1 1 --- 0.024225950241
9248 22 2582  1 1 1 1 1 0 0 0 0 1 1 1 1 1 0 1 1 1 1 1 1 1 --- 0.045958042145
9249 22 2306  1 1 0 1 1 1 1 1 1 1 0 0 1 1 0 1 0 1 1 1 1 1 --- 0.044523000717