kubik@shawshank:/tmp/mipaa/batoh_bb> g++ -Wall -pedantic batoh_repeat.cpp -O3; ./a.out ../in/knap_10.inst.dat 50
9050 10 798  0 1 1 1 0 1 1 1 0 1 --- 0.790972948074
9051 10 942  1 1 1 0 1 1 1 1 0 1 --- 0.779796123505
9052 10 740  0 1 1 1 0 0 1 1 1 1 --- 0.571408987045
9053 10 956  1 1 1 1 1 0 1 0 1 0 --- 0.686905860901
9054 10 1501  1 1 1 1 1 0 1 1 1 0 --- 0.980448007584
9055 10 1351  1 0 1 1 1 1 1 1 1 1 --- 0.700345039368
9056 10 1375  1 1 1 1 0 1 1 1 1 1 --- 0.846537113190
9057 10 1153  0 1 1 1 0 1 1 1 1 1 --- 0.492823839188
9058 10 1234  1 0 1 0 1 1 1 1 1 0 --- 0.458817005157
9059 10 1260  1 0 1 1 1 0 0 1 1 1 --- 0.965966939926
9060 10 1319  1 1 1 0 1 1 0 0 1 1 --- 0.826657056808
9061 10 1169  1 1 1 1 1 1 0 1 1 1 --- 0.744292974472
9062 10 99  0 0 0 0 0 0 0 0 0 1 --- 0.999899864197
9063 10 1023  0 1 1 1 1 1 1 1 0 0 --- 0.615885972977
9064 10 1389  1 1 1 1 0 0 1 1 1 1 --- 0.648859977722
9065 10 1168  0 1 0 1 0 1 1 0 0 1 --- 0.539242029190
9066 10 1024  1 1 0 1 0 1 1 1 1 1 --- 0.705451011658
9067 10 1195  1 1 1 1 0 0 1 0 1 1 --- 0.568596124649
9068 10 872  1 1 1 1 1 1 0 1 0 0 --- 0.546282052994
9069 10 1099  1 1 1 0 1 0 1 1 1 0 --- 0.715267181396
9070 10 1286  0 0 1 1 1 1 1 1 1 1 --- 0.806766986847
9071 10 1178  0 1 1 1 1 1 1 0 0 1 --- 0.899073123932
9072 10 1217  1 1 0 1 0 1 0 1 1 1 --- 0.938869953156
9073 10 939  1 0 0 1 1 1 1 0 1 1 --- 0.716089010239
9074 10 784  1 1 1 1 0 0 0 1 1 0 --- 0.688863992691
9075 10 1240  1 1 1 1 0 0 1 1 1 1 --- 0.667582035065
9076 10 917  1 0 1 1 1 1 0 1 0 0 --- 0.779568195343
9077 10 1033  1 1 0 1 1 1 1 0 1 0 --- 0.705868959427
9078 10 1386  1 1 1 1 1 1 0 1 1 1 --- 0.808418035507
9079 10 1266  0 1 1 1 1 1 1 1 0 1 --- 0.846200942993
9080 10 1054  1 1 1 0 0 0 1 1 1 0 --- 0.619772911072
9081 10 980  1 1 0 0 1 1 0 1 0 0 --- 0.675014972687
9082 10 952  1 1 0 0 0 0 1 1 1 1 --- 0.833800077438
9083 10 1446  1 0 1 1 1 1 1 1 1 1 --- 1.014161109924
9084 10 1196  1 0 0 1 1 1 1 1 1 1 --- 0.589694023132
9085 10 1062  1 1 0 1 1 0 1 0 1 1 --- 0.572999000549
9086 10 748  1 1 1 1 1 0 0 0 1 0 --- 0.470736026764
9087 10 1059  1 0 1 1 1 0 1 1 0 0 --- 0.538599967957
9088 10 1578  1 1 1 1 1 1 1 1 1 1 --- 0.763401985168
9089 10 694  1 0 1 1 1 0 1 0 1 1 --- 0.612278938293
9090 10 1143  1 1 1 1 1 1 1 1 1 0 --- 0.706402063370
9091 10 1043  1 1 0 1 1 1 1 1 1 1 --- 0.719068765640
9092 10 1436  1 1 1 1 1 0 1 1 1 1 --- 0.579719066620
9093 10 1368  0 1 1 1 1 1 1 1 1 1 --- 1.144558906555
9094 10 1315  0 1 1 1 1 1 0 1 0 1 --- 0.920787096024
9095 10 1005  1 1 1 1 0 0 1 1 0 1 --- 0.672660827637
9096 10 1187  1 1 1 1 1 0 1 1 0 1 --- 0.812907934189
9097 10 959  1 1 1 1 1 1 1 1 1 0 --- 0.864336967468
9098 10 925  0 1 1 1 0 0 1 1 1 0 --- 0.876265048981
9099 10 1243  1 1 1 1 1 1 1 0 0 1 --- 0.625274181366
