kubik@shawshank:/tmp/mipaa/batoh_bb> g++ -Wall -pedantic batoh_repeat.cpp -O3; ./a.out ../in/knap_4.inst.dat 50
9000 4 473  1 1 0 1 --- 0.032228946686
9001 4 326  0 0 1 1 --- 0.031720161438
9002 4 196  1 0 0 0 --- 0.029574871063
9003 4 545  1 1 0 1 --- 0.031583070755
9004 4 243  0 0 0 1 --- 0.030962944031
9005 4 563  1 1 1 1 --- 0.033583879471
9006 4 410  0 1 1 1 --- 0.043663024902
9007 4 375  1 1 0 1 --- 0.031584978104
9008 4 235  1 0 0 0 --- 0.028292894363
9009 4 224  1 0 0 1 --- 0.031260967255
9010 4 297  0 1 0 1 --- 0.037641048431
9011 4 459  1 0 0 1 --- 0.028228044510
9012 4 325  1 1 1 0 --- 0.030616998672
9013 4 431  1 1 0 1 --- 0.032163143158
9014 4 472  0 1 1 1 --- 0.036654949188
9015 4 230  0 1 1 0 --- 0.032471895218
9016 4 452  1 1 0 1 --- 0.031010150909
9017 4 306  1 1 0 0 --- 0.033027887344
9018 4 483  0 1 1 1 --- 0.038294076920
9019 4 227  0 1 0 0 --- 0.030402898788
9020 4 229  1 0 0 0 --- 0.030968904495
9021 4 496  1 1 1 1 --- 0.033829927444
9022 4 286  1 0 1 0 --- 0.031710863113
9023 4 387  1 1 0 1 --- 0.030032157898
9024 4 393  0 1 1 0 --- 0.033954858780
9025 4 295  1 0 1 0 --- 0.028800964355
9026 4 512  1 1 1 0 --- 0.032766103745
9027 4 184  0 1 0 1 --- 0.043209075928
9028 4 317  0 1 0 1 --- 0.042360782623
9029 4 372  1 1 0 1 --- 0.034987926483
9030 4 296  0 1 0 1 --- 0.032474994659
9031 4 309  1 0 0 1 --- 0.036597967148
9032 4 501  1 0 1 1 --- 0.031102895737
9033 4 100  1 0 1 1 --- 0.035058975220
9034 4 253  1 0 0 0 --- 0.030164003372
9035 4 585  1 1 0 1 --- 0.032292127609
9036 4 584  1 1 1 1 --- 0.043363094330
9037 4 231  1 1 0 0 --- 0.033418893814
9038 4 251  1 1 0 0 --- 0.030886888504
9039 4 159  0 0 0 1 --- 0.032590150833
9040 4 314  1 1 0 1 --- 0.037904977798
9041 4 401  1 0 1 1 --- 0.032194852829
9042 4 437  1 1 0 1 --- 0.029119968414
9043 4 398  0 1 1 1 --- 0.037862062454
9044 4 505  1 0 1 1 --- 0.037460088730
9045 4 319  0 1 1 0 --- 0.030407190323
9046 4 217  1 1 1 0 --- 0.033092021942
9047 4 330  1 1 0 1 --- 0.035583972931
9048 4 254  1 1 0 1 --- 0.034205913544
9049 4 462  0 1 1 1 --- 0.034031152725
