kubik@shawshank:/tmp/mipaa/batoh_bb> g++ -Wall -pedantic batoh.cpp -O3; ./a.out ../in/knap_20.inst.dat 50
9150 20 1995  1 1 1 0 1 1 1 1 1 1 1 1 0 1 0 0 0 1 0 1 --- 0.010607957840
9151 20 2623  1 1 1 1 1 1 1 1 0 1 1 0 1 1 1 1 0 1 1 1 --- 0.006690025330
9152 20 2607  1 1 1 0 1 1 1 1 1 1 1 0 1 1 1 1 1 1 1 1 --- 0.006726980209
9153 20 2089  1 1 1 1 1 1 0 1 0 1 1 1 0 0 1 1 0 1 1 1 --- 0.019642114639
9154 20 2062  1 1 1 1 1 1 0 1 1 1 1 1 1 1 1 1 1 0 1 1 --- 0.006829977036
9155 20 2723  1 1 1 1 1 0 1 1 1 1 1 1 1 1 0 0 1 1 1 1 --- 0.008596181870
9156 20 2193  1 1 1 1 0 1 1 1 0 1 1 0 1 1 1 1 1 0 1 1 --- 0.006201028824
9157 20 2992  1 1 1 1 1 1 1 1 1 1 1 0 1 1 1 0 1 0 1 1 --- 0.006944179535
9158 20 2197  0 1 1 1 1 1 1 1 1 1 0 1 0 1 1 1 1 1 1 1 --- 0.012762069702
9159 20 2551  1 1 1 1 1 0 1 0 1 1 1 0 0 1 1 1 1 1 1 0 --- 0.011477947235
9160 20 2372  1 1 1 1 1 1 1 1 1 1 1 1 0 1 1 1 1 1 0 0 --- 0.010246038437
9161 20 2116  1 1 1 1 1 1 1 1 1 0 1 0 1 0 1 1 1 0 1 1 --- 0.006386995316
9162 20 2368  1 1 0 0 1 1 1 1 1 0 1 1 1 1 1 1 1 0 1 0 --- 0.012325048447
9163 20 2440  1 1 1 0 1 0 1 1 0 1 1 1 1 1 0 1 0 1 1 1 --- 0.012342929840
9164 20 1609  1 1 1 1 1 1 1 1 1 1 1 1 0 1 0 0 1 1 0 1 --- 0.007591962814
9165 20 249  0 0 0 0 0 0 0 0 0 0 0 0 0 0 0 0 0 0 0 1 --- 0.011332988739
9166 20 2184  1 1 1 1 1 1 0 1 1 1 0 1 0 1 1 0 1 0 1 1 --- 0.007057905197
9167 20 1903  1 0 0 1 1 1 0 1 1 0 1 1 0 1 1 0 1 0 1 1 --- 0.011240959167
9168 20 2359  1 1 1 1 0 1 0 1 1 1 0 1 1 1 1 1 0 1 1 1 --- 0.009995937347
9169 20 2550  0 1 0 1 1 0 1 1 1 1 1 1 1 1 1 1 1 1 0 1 --- 0.011782169342
9170 20 2796  1 0 1 1 1 1 1 0 1 1 1 1 1 0 1 1 0 1 1 1 --- 0.018961906433
9171 20 1953  1 1 1 1 1 1 1 1 1 1 0 1 1 1 0 1 1 0 1 1 --- 0.006922960281
9172 20 2532  1 1 1 1 1 1 1 1 1 1 1 1 1 1 1 1 1 0 1 0 --- 0.011805057526
9173 20 2347  1 0 1 1 1 1 1 0 1 0 1 1 0 1 1 1 1 1 1 1 --- 0.009955167770
9174 20 2684  1 1 1 1 1 1 1 1 1 1 0 1 1 1 1 0 0 1 0 1 --- 0.013050079346
9175 20 1903  1 0 1 1 0 1 0 1 1 1 1 1 1 1 0 1 0 1 0 1 --- 0.013743162155
9176 20 2335  1 1 1 1 1 1 1 1 1 1 0 1 1 1 1 1 1 1 1 0 --- 0.008613109589
9177 20 2365  1 1 1 1 1 1 0 1 1 0 1 1 1 1 1 1 0 0 1 1 --- 0.012404918671
9178 20 2249  1 1 1 1 1 1 1 1 0 1 0 1 1 1 1 0 0 1 1 0 --- 0.011337041855
9179 20 2041  1 1 0 1 1 1 1 1 1 0 1 1 1 1 0 1 1 0 1 0 --- 0.009487867355
9180 20 2273  1 1 1 1 1 1 1 1 1 1 1 1 0 1 1 0 1 0 0 1 --- 0.009553909302
9181 20 2435  1 1 1 1 1 1 1 1 1 0 0 1 1 1 0 1 1 1 1 1 --- 0.006922960281
9182 20 2508  1 0 1 1 1 1 0 1 1 1 0 1 1 1 0 1 0 0 1 1 --- 0.014550924301
9183 20 1863  1 0 1 1 1 1 0 1 0 1 0 1 1 1 1 1 1 1 1 0 --- 0.009854078293
9184 20 2959  1 1 1 1 0 1 1 1 1 1 0 1 1 1 1 1 1 1 1 1 --- 0.012986898422
9185 20 2411  1 0 1 1 1 1 1 1 1 1 1 1 1 0 1 0 1 1 1 1 --- 0.006587028503
9186 20 2456  1 1 1 1 1 0 1 1 0 0 1 1 1 1 1 1 1 0 1 1 --- 0.011745929718
9187 20 2333  1 1 1 0 1 1 1 1 1 0 0 1 1 1 1 1 0 1 1 0 --- 0.009695053101
9188 20 1983  1 1 0 1 1 0 0 0 1 1 0 1 1 1 1 1 1 1 1 1 --- 0.011397123337
9189 20 2041  0 1 1 1 1 1 1 1 1 1 1 1 0 1 1 1 1 1 1 0 --- 0.009243965149
9190 20 2338  1 0 1 1 1 1 1 1 0 1 1 1 1 1 0 0 1 1 1 0 --- 0.017683029175
9191 20 2818  1 1 1 1 1 1 1 0 1 1 1 1 1 1 1 1 1 1 1 1 --- 0.007266998291
9192 20 2441  1 1 1 1 0 1 1 1 0 1 1 1 1 1 1 0 1 1 0 1 --- 0.006647825241
9193 20 1821  1 1 1 1 1 0 1 1 0 1 0 1 0 1 1 1 0 1 0 1 --- 0.010327100754
9194 20 2721  1 0 1 1 1 1 1 1 1 0 0 1 1 1 1 1 0 1 1 0 --- 0.010443925858
9195 20 2421  1 1 1 1 1 1 1 1 1 1 0 1 1 1 1 1 0 0 1 1 --- 0.007241010666
9196 20 2475  1 1 0 1 1 1 1 1 0 1 1 1 1 1 1 1 0 1 1 1 --- 0.011907100677
9197 20 2417  1 1 1 1 1 1 1 0 1 1 1 0 1 0 1 1 1 1 1 1 --- 0.016521930695
9198 20 2033  1 1 1 1 1 1 1 1 0 0 1 1 0 1 1 1 1 0 1 1 --- 0.015352964401
9199 20 2168  1 1 1 1 1 1 0 1 1 0 1 1 1 0 0 1 1 1 0 1 --- 0.020367145538
