2875 9350 2765 0.000033140182495117 45 30 70 0.90 0.0027826087
2875 9350 2821 0.000063896179199219 65 30 70 0.90 0.0187826087
2875 9350 2853 0.000082015991210938 85 30 70 0.90 0.0111304348
2875 9350 2812 0.000097036361694336 105 30 70 0.90 0.0000000000
2875 9350 2736 0.000108957290649414 125 30 70 0.90 0.0191304348
2875 9350 2808 0.000118970870971680 145 30 70 0.90 0.0128695652
2875 9350 2813 0.000131130218505859 165 30 70 0.90 0.0288695652
2875 9350 2853 0.000144958496093750 185 30 70 0.90 0.0309565217
3620 9400 3525 0.000033140182495117 45 30 70 0.90 0.0041436464
3620 9400 3552 0.000063180923461914 65 30 70 0.90 0.0107734807
3620 9400 3530 0.000082015991210938 85 30 70 0.90 0.0212707182
3620 9400 3504 0.000097036361694336 105 30 70 0.90 0.0132596685
3620 9400 3406 0.000107049942016602 125 30 70 0.90 0.0309392265
3620 9400 3511 0.000121831893920898 145 30 70 0.90 0.0019337017
3620 9400 3568 0.000131845474243164 165 30 70 0.90 0.0218232044
3620 9400 3516 0.000143051147460938 185 30 70 0.90 0.0110497238
4070 9450 3838 0.000033140182495117 45 30 70 0.90 0.0719901720
4070 9450 3901 0.000080823898315430 65 30 70 0.90 0.0000000000
4070 9450 3653 0.000099897384643555 85 30 70 0.90 0.0181818182
4070 9450 3971 0.000097036361694336 105 30 70 0.90 0.0302211302
4070 9450 3961 0.000108003616333008 125 30 70 0.90 0.0108108108
4070 9450 3934 0.000121831893920898 145 30 70 0.90 0.0115479115
4070 9450 3906 0.000133991241455078 165 30 70 0.90 0.0000000000
4070 9450 3974 0.000140190124511719 185 30 70 0.90 0.0103194103
4591 9500 4417 0.000033140182495117 45 30 70 0.90 0.0254846439
4591 9500 4519 0.000063896179199219 65 30 70 0.90 0.0276628186
4591 9500 4416 0.000082015991210938 85 30 70 0.90 0.0100196036
4591 9500 4413 0.000096797943115234 105 30 70 0.90 0.0365933348
4591 9500 4477 0.000113010406494141 125 30 70 0.90 0.0078414289
4591 9500 4503 0.000123023986816406 145 30 70 0.90 0.0126334132
4591 9500 4465 0.000133037567138672 165 30 70 0.90 0.0000000000
4591 9500 4405 0.000141143798828125 185 30 70 0.90 0.0165541276
4068 9550 3903 0.000033140182495117 45 30 70 0.90 0.0528515241
4068 9550 4034 0.000071048736572266 65 30 70 0.90 0.0167158309
4068 9550 3783 0.000082015991210938 85 30 70 0.90 0.0167158309
4068 9550 4031 0.000099182128906250 105 30 70 0.90 0.0095870206
4068 9550 3925 0.000111818313598633 125 30 70 0.90 0.0297443461
4068 9550 3913 0.000128030776977539 145 30 70 0.90 0.0157325467
4068 9550 3988 0.000149011611938477 165 30 70 0.90 0.0063913471
4068 9550 4012 0.000140905380249023 185 30 70 0.90 0.0280235988
